Helsinki 00100 60,1714 24,9316
Helsinki 00120 60,1632 24,9391
Helsinki 00130 60,1645 24,9487
Helsinki 00140 60,1578 24,9525
Helsinki 00150 60,157 24,9369
Helsinki 00160 60,1671 24,9684
Helsinki 00170 60,1728 24,9554
Helsinki 00180 60,1634 24,919
Helsinki 00190 60,146 24,9851
Helsinki 00200 60,1603 24,8714
Helsinki 00210 60,1513 24,8827
Helsinki 00220 60,1573 24,9173
Helsinki 00230 60,214 24,9195
Helsinki 00240 60,2015 24,9233
Helsinki 00250 60,1873 24,9127
Helsinki 00260 60,1794 24,9226
Helsinki 00270 60,1942 24,9007
Helsinki 00280 60,2019 24,9043
Helsinki 00290 60,1893 24,9064
Helsinki 00300 60,2034 24,8939
Helsinki 00310 60,2106 24,9035
Helsinki 00320 60,2159 24,8961
Helsinki 00330 60,1975 24,875
Helsinki 00340 60,1819 24,8594
Helsinki 00350 60,2075 24,8705
Helsinki 00360 60,2182 24,8564
Helsinki 00370 60,2263 24,8555
Helsinki 00380 60,2173 24,8722
Helsinki 00390 60,2387 24,8427
Helsinki 00400 60,2265 24,8978
Helsinki 00410 60,2488 24,8578
Helsinki 00420 60,2443 24,88
Helsinki 00430 60,2501 24,8962
Helsinki 00440 60,2313 24,8796
Helsinki 00500 60,1873 24,9601
Helsinki 00510 60,1918 24,9498
Helsinki 00520 60,1983 24,9416
Helsinki 00530 60,1826 24,9505
Helsinki 00540 60,1841 24,9785
Helsinki 00550 60,1957 24,9622
Helsinki 00560 60,21 24,9726
Helsinki 00570 60,1838 25,0055
Helsinki 00580 60,1921 24,9716
Helsinki 00590 60,1733 25,0239
Helsinki 00600 60,2202 24,9628
Helsinki 00610 60,2124 24,9475
Helsinki 00620 60,2239 24,9427
Helsinki 00630 60,2325 24,9294
Helsinki 00640 60,233 24,9628
Helsinki 00650 60,2278 24,9736
Helsinki 00660 60,2418 24,9297
Helsinki 00670 60,2516 24,9326
Helsinki 00680 60,2455 24,956
Helsinki 00690 60,2606 24,9538
Helsinki 00700 60,252 25,0171
Helsinki 00710 60,2328 25,006
Helsinki 00720 60,2448 24,9912
Helsinki 00730 60,2659 25,0206
Helsinki 00740 60,2745 24,9978
Helsinki 00750 60,2793 25,0317
Helsinki 00760 60,2711 25,0596
Helsinki 00770 60,2585 25,0682
Helsinki 00780 60,2583 24,9881
Helsinki 00790 60,2295 25,0315
Helsinki 00800 60,2082 25,0404
Helsinki 00810 60,1909 25,0337
Helsinki 00820 60,2004 25,06
Helsinki 00830 60,1901 25,064
Helsinki 00840 60,176 25,0512
Helsinki 00850 60,1629 25,0792
Helsinki 00860 60,1462 25,0442
Helsinki 00870 60,1642 25,0477
Helsinki 00880 60,2031 25,0475
Helsinki 00890 60,2606 25,2017
Helsinki 00900 60,2154 25,0857
Helsinki 00910 60,2133 25,102
Helsinki 00920 60,2234 25,0671
Helsinki 00930 60,2039 25,0847
Helsinki 00940 60,2378 25,0835
Helsinki 00950 60,2222 25,1062
Helsinki 00960 60,2204 25,1408
Helsinki 00970 60,2344 25,1143
Helsinki 00980 60,2049 25,1322
Helsinki 00990 60,2047 25,1555
Sipoo 01120 60,2461 25,2713
Sipoo 01150 60,2855 25,3309
Sipoo 01180 60,2581 25,4029
Sipoo 01190 60,3091 25,3942
Vantaa 01200 60,2805 25,1253
Vantaa 01230 60,2657 25,0957
Vantaa 01260 60,297 25,1182
Vantaa 01280 60,2484 25,1009
Vantaa 01300 60,2949 25,0223
Vantaa 01340 60,3241 25,0398
Vantaa 01350 60,3085 25,036
Vantaa 01360 60,32 25,0619
Vantaa 01370 60,2978 25,0613
Vantaa 01380 60,2835 25,074
Vantaa 01390 60,324 25,0138
Vantaa 01400 60,3315 25,0739
Vantaa 01420 60,3254 25,1041
Vantaa 01450 60,3553 25,0718
Vantaa 01480 60,3464 25,1076
Vantaa 01490 60,3463 25,1368
Vantaa 01510 60,2897 24,9698
Vantaa 01520 60,2775 24,9632
Vantaa 01530 60,3093 24,959
Vantaa 01600 60,2642 24,8511
Vantaa 01610 60,2626 24,8755
Vantaa 01620 60,2799 24,8537
Vantaa 01630 60,2673 24,7939
Vantaa 01640 60,2522 24,7985
Vantaa 01650 60,2624 24,8251
Vantaa 01660 60,2697 24,8155
Vantaa 01670 60,2816 24,8739
Vantaa 01680 60,2839 24,7825
Vantaa 01690 60,2818 24,9148
Vantaa 01700 60,3249 24,8452
Vantaa 01710 60,2592 24,802
Vantaa 01720 60,2808 24,8171
Vantaa 01730 60,3186 24,8671
Vantaa 01740 60,2958 24,893
Vantaa 01750 60,3402 24,7951
Vantaa 01760 60,3582 24,867
Vantaa 01770 60,2886 24,8558
Nurmijärvi 01800 60,3854 24,7351
Nurmijärvi 01810 60,4056 24,8026
Nurmijärvi 01820 60,4011 24,7532
Nurmijärvi 01830 60,3862 24,6549
Nurmijärvi 01840 60,3651 24,7461
Nurmijärvi 01860 60,4387 24,6832
Nurmijärvi 01900 60,4702 24,8264
Nurmijärvi 01940 60,4204 24,8608
Espoo 02100 60,1703 24,8086
Espoo 02110 60,1784 24,8169
Espoo 02120 60,1728 24,7902
Espoo 02130 60,1887 24,7918
Espoo 02140 60,2025 24,8029
Espoo 02150 60,1833 24,8296
Espoo 02160 60,1597 24,7984
Espoo 02170 60,1627 24,7737
Espoo 02180 60,1955 24,7659
Espoo 02200 60,1754 24,7605
Espoo 02201 60,2224 24,7437
Espoo 02210 60,1736 24,7273
Espoo 02230 60,1525 24,7465
Espoo 02240 60,1677 24,717
Espoo 02250 60,1877 24,73
Espoo 02260 60,1462 24,6951
Espoo 02270 60,1606 24,696
Espoo 02280 60,1742 24,6842
Espoo 02290 60,1766 24,704
Espoo 02300 60,1604 24,6721
Espoo 02320 60,1466 24,6458
Espoo 02330 60,1663 24,6404
Espoo 02340 60,1781 24,6586
Espoo 02360 60,137 24,6732
Espoo 02380 60,1143 24,7127
Kirkkonummi 02390 60,1456 24,5976
Kirkkonummi 02400 60,1333 24,4403
Kirkkonummi 02401 60,1048 24,4263
Kirkkonummi 02410 60,137 24,4476
Kirkkonummi 02420 60,1031 24,5686
Kirkkonummi 02430 60,1621 24,5302
Kirkkonummi 02440 60,1788 24,5316
Kirkkonummi 02450 60,1568 24,5573
Kirkkonummi 02460 60,0928 24,4003
Kirkkonummi 02470 60,0264 24,3724
Kirkkonummi 02471 60,0362 24,3662
Kirkkonummi 02480 60,0523 24,448
Siuntio 02490 60,0863 24,3254
Kirkkonummi 02510 60,2087 24,4936
Kirkkonummi 02520 60,2189 24,4451
Kirkkonummi 02540 60,2399 24,3913
Kirkkonummi 02550 60,2025 24,3458
Siuntio 02570 60,2144 24,2404
Siuntio 02580 60,1264 24,2468
Siuntio 02590 60,1778 24,114
Espoo 02600 60,2122 24,8066
Espoo 02610 60,2194 24,7749
Espoo 02620 60,2356 24,7711
Espoo 02630 60,2119 24,7669
Espoo 02650 60,2259 24,8221
Espoo 02660 60,2368 24,8118
Espoo 02680 60,2406 24,829
Kauniainen 02700 60,2145 24,7201
Espoo 02710 60,2286 24,7428
Espoo 02720 60,2402 24,7457
Espoo 02730 60,2501 24,7661
Espoo 02740 60,2475 24,6606
Espoo 02750 60,2001 24,7226
Espoo 02760 60,2005 24,6817
Espoo 02770 60,2041 24,6476
Espoo 02780 60,1883 24,5944
Espoo 02810 60,2234 24,6306
Espoo 02820 60,2605 24,5714
Espoo 02860 60,2779 24,5259
Kirkkonummi 02880 60,2721 24,4334
Espoo 02920 60,2791 24,7407
Espoo 02940 60,2445 24,7079
Espoo 02970 60,3126 24,7327
Espoo 02980 60,3358 24,6403
Vihti 03100 60,3394 24,3041
Vihti 03150 60,2958 24,3593
Vihti 03220 60,3272 24,4308
Vihti 03250 60,3708 24,4062
Vihti 03300 60,3916 24,5126
Vihti 03320 60,4404 24,5254
Vihti 03400 60,4331 24,3443
Vihti 03430 60,4243 24,1848
Karkkila 03600 60,5516 24,1815
Karkkila 03601 60,5271 24,2114
Karkkila 03620 60,5359 24,2787
Karkkila 03710 60,5239 24,3733
Vihti 03790 60,5274 24,5373
Lohja 03810 60,4869 24,108
Lohja 03850 60,5288 23,9893
Lohja 03870 60,4658 23,9232
Sipoo 04130 60,3697 25,2742
Sipoo 04131 60,352 25,2674
Sipoo 04150 60,3901 25,2215
Sipoo 04170 60,449 25,2393
Kerava 04200 60,406 25,096
Kerava 04220 60,402 25,1435
Kerava 04230 60,4192 25,0952
Sipoo 04240 60,4078 25,1774
Kerava 04250 60,3903 25,1153
Kerava 04251 60,405 25,1295
Kerava 04260 60,3808 25,0914
Tuusula 04300 60,4108 25,0038
Tuusula 04310 60,4185 25,0517
Tuusula 04320 60,3772 25,0161
Tuusula 04330 60,3886 24,9814
Tuusula 04340 60,4076 25,0736
Tuusula 04350 60,4025 24,9235
Tuusula 04360 60,354 24,9794
Tuusula 04370 60,4354 24,9562
Tuusula 04380 60,4586 25,0542
Tuusula 04390 60,4892 24,981
Järvenpää 04400 60,4704 25,0776
Järvenpää 04410 60,4885 25,0949
Järvenpää 04420 60,4583 25,1082
Järvenpää 04430 60,4752 25,1183
Järvenpää 04440 60,4934 25,0677
Järvenpää 04460 60,5077 25,0898
Järvenpää 04480 60,5 25,149
Tuusula 04500 60,5329 25,0976
Mäntsälä 04530 60,5812 25,1341
Mäntsälä 04600 60,6338 25,3212
Mäntsälä 04620 60,6538 25,2985
Mäntsälä 04630 60,5947 25,4111
Mäntsälä 04660 60,5658 25,278
Mäntsälä 04680 60,6258 25,2213
Mäntsälä 04740 60,6986 25,2247
Mäntsälä 04770 60,762 25,2064
Mäntsälä 04820 60,7025 25,3763
Mäntsälä 04840 60,7222 25,4739
Mäntsälä 04920 60,7322 25,3936
Mäntsälä 04940 60,7644 25,4393
Nurmijärvi 05100 60,4867 24,6373
Nurmijärvi 05200 60,5276 24,7608
Nurmijärvi 05201 60,5188 24,7316
Nurmijärvi 05250 60,4996 24,7081
Tuusula 05400 60,5505 24,9646
Tuusula 05430 60,5293 25,0275
Hyvinkää 05440 60,6004 24,8815
Nurmijärvi 05450 60,53 24,9051
Hyvinkää 05460 60,6131 24,8655
Hyvinkää 05470 60,5894 24,9351
Hyvinkää 05510 60,5943 25,0247
Nurmijärvi 05620 60,5682 24,7684
Hyvinkää 05720 60,6003 24,6427
Hyvinkää 05800 60,6333 24,8506
Hyvinkää 05810 60,6229 24,893
Hyvinkää 05820 60,6421 24,8905
Hyvinkää 05830 60,6152 24,8439
Hyvinkää 05840 60,6005 24,8231
Hyvinkää 05850 60,6096 24,8285
Hyvinkää 05860 60,6264 24,8194
Hyvinkää 05880 60,6476 24,8306
Hyvinkää 05900 60,6348 24,8421
Hyvinkää 05950 60,6514 25,0219
Sipoo 06880 60,2512 25,4704
Pornainen 07150 60,4364 25,39
Pornainen 07170 60,4782 25,3689
Pornainen 07171 60,4665 25,3891
Pornainen 07190 60,5186 25,291
Lohja 08100 60,2568 24,0146
Lohja 08150 60,2414 24,0832
Lohja 08200 60,2296 24,0261
Lohja 08350 60,2875 24,0463
Lohja 08360 60,3221 24,0408
Lohja 08450 60,2713 23,9952
Lohja 08480 60,3027 23,9367
Lohja 08500 60,3 24,1394
Lohja 08680 60,2886 24,2059
Lohja 08700 60,2007 24
Lohja 08800 60,2075 23,8845
Lohja 09120 60,2506 23,7101
Lohja 09220 60,334 23,8204
Lohja 09430 60,3755 23,9781
Lohja 09520 60,3409 24,0258
Lohja 09630 60,3851 24,1116
Lohja 09810 60,4093 23,8929
Lohja 09930 60,4645 23,8094
Ingå 10120 60,0935 24,0424
Ingå 10140 60,108 24,095
Ingå 10160 60,0631 24,184
Ingå 10210 60,0365 24,0206
Ingå 10230 60,0783 23,9144
Ingå 10250 60,0105 23,8381
Ingå 10270 59,9574 23,9042
Raseborg 10300 60,0814 23,6864
Raseborg 10320 60,0584 23,6506
Raseborg 10330 60,0852 23,6376
Raseborg 10350 60,1092 23,798
Raseborg 10360 60,1558 23,8531
Raseborg 10380 60,066 23,8137
Raseborg 10410 60,0953 23,5833
Raseborg 10420 60,0993 23,4876
Raseborg 10440 60,1126 23,5225
Raseborg 10470 60,1292 23,5532
Raseborg 10480 60,1753 23,5852
Raseborg 10520 60,0523 23,2472
Raseborg 10570 59,9661 22,9727
Raseborg 10600 59,9443 23,4635
Raseborg 10620 59,9987 23,4234
Raseborg 10640 59,9955 23,5139
Raseborg 10650 59,969 23,4667
Raseborg 10660 59,9674 23,3838
Raseborg 10680 59,9284 23,2993
Raseborg 10710 59,9782 23,7238
Hanko 10820 59,9 23,2364
Hanko 10900 59,843 23,0317
Hanko 10901 59,8494 23,0346
Hanko 10940 59,8325 22,9401
Hanko 10960 59,8347 22,9925
Porvoo 06100 60,3973 25,6617
Porvoo 06101 60,3079 25,5441
Porvoo 06150 60,3905 25,7015
Porvoo 06200 60,3279 25,7829
Porvoo 06400 60,3653 25,6241
Porvoo 06450 60,3765 25,6048
Porvoo 06500 60,4315 25,6141
Porvoo 06530 60,4586 25,6288
Porvoo 06650 60,3615 25,6332
Porvoo 06750 60,3412 25,5831
Porvoo 06830 60,345 25,4877
Porvoo 06850 60,3076 25,5125
Porvoo 06950 60,2579 25,6258
Porvoo 07110 60,3995 25,4924
Porvoo 07130 60,3843 25,4173
Porvoo 07220 60,4743 25,5354
Askola 07230 60,5043 25,5234
Porvoo 07280 60,4717 25,7662
Porvoo 07310 60,412 25,7887
Porvoo 07320 60,4061 25,9003
Porvoo 07350 60,298 25,8855
Porvoo 07360 60,2531 25,9135
Porvoo 07370 60,2242 25,9347
Porvoo 07390 60,2072 25,8446
Porvoo 07410 60,3425 25,6608
Porvoo 07450 60,2912 25,8247
Askola 07500 60,5319 25,6047
Askola 07510 60,5238 25,5506
Askola 07530 60,5696 25,561
Pukkila 07550 60,6208 25,5072
Pukkila 07560 60,6485 25,5677
Pukkila 07565 60,6664 25,681
Askola 07580 60,5519 25,6772
Askola 07590 60,5174 25,7036
Mörskom 07600 60,6501 25,8599
Askola 07680 60,5717 25,7319
Mörskom 07690 60,6164 25,7461
Loviisa 07700 60,5057 25,933
Loviisa 07720 60,5412 25,9484
Loviisa 07740 60,4716 25,9076
Loviisa 07750 60,3428 26,0436
Loviisa 07780 60,3011 25,9712
Lappträsk 07800 60,6246 26,2046
Lappträsk 07810 60,6189 26,1341
Lappträsk 07820 60,6796 26,0112
Lappträsk 07830 60,6768 26,2349
Lappträsk 07840 60,6314 26,2703
Lappträsk 07850 60,5863 26,255
Loviisa 07870 60,5487 26,1694
Loviisa 07880 60,5644 26,0513
Loviisa 07890 60,617 26,018
Loviisa 07900 60,4207 26,2829
Loviisa 07901 60,3714 26,3475
Loviisa 07910 60,3953 26,2474
Loviisa 07920 60,4417 26,2259
Loviisa 07930 60,4344 26,0498
Loviisa 07940 60,4534 26,255
Loviisa 07945 60,4955 26,181
Loviisa 07955 60,4695 26,3337
Loviisa 07960 60,4905 26,4389
Loviisa 07970 60,5231 26,4521
Loviisa 07980 60,5779 26,4675
Loviisa 07990 60,6199 26,4473
Lappträsk 47350 60,7121 26,2904
Pargas 21600 60,2705 22,2604
Pargas 21601 60,2867 22,1633
Pargas 21610 60,3466 22,3791
Pargas 21630 60,294 22,404
Pargas 21650 60,151 22,0162
Pargas 21660 60,1882 21,8626
Pargas 21661 60,0139 21,7781
Pargas 21670 60,1248 21,7568
Pargas 21680 59,9484 21,7705
Pargas 21710 60,1487 21,5799
Pargas 21720 60,1049 21,6249
Pargas 21740 59,7883 21,3736
Pargas 21750 60,2629 21,5938
Pargas 21760 60,2263 21,3461
Pargas 21770 60,2705 21,4037
Pargas 23390 60,3951 21,3419
Kimitoön 25650 60,1888 22,8499
Kimitoön 25700 60,1712 22,7136
Kimitoön 25701 60,2137 22,7954
Kimitoön 25710 60,1624 22,6331
Kimitoön 25730 60,2017 22,471
Kimitoön 25760 60,2363 22,8632
Kimitoön 25810 60,104 22,7322
Kimitoön 25820 60,0776 22,7793
Kimitoön 25830 60,0282 22,6982
Kimitoön 25840 60,0769 22,6265
Kimitoön 25860 60,1026 22,5424
Kimitoön 25870 60,0687 22,4569
Kimitoön 25900 59,9817 22,4951
Kimitoön 25910 59,9536 22,6199
Kimitoön 25930 59,922 22,4257
Kimitoön 25940 59,8986 22,5193
Kimitoön 25950 59,8483 22,4115
Kimitoön 25960 59,9641 22,3662
Salo 24100 60,3839 23,1424
Salo 24130 60,3545 23,1223
Salo 24240 60,4008 23,1085
Salo 24260 60,4166 23,1457
Salo 24280 60,4058 23,1904
Salo 24800 60,4 23,0641
Salo 24910 60,3977 23,0309
Salo 25110 60,3656 23,4259
Salo 25130 60,3514 23,2878
Salo 25160 60,2877 23,2701
Salo 25170 60,2975 23,1156
Salo 25180 60,4007 23,3569
Salo 25190 60,4309 23,2753
Salo 25210 60,3349 23,0084
Salo 25230 60,3163 22,9455
Salo 25240 60,407 22,9032
Salo 25250 60,4398 23,0434
Salo 25260 60,4971 22,993
Salo 25320 60,541 23,1439
Salo 25330 60,5249 23,2197
Salo 25340 60,5557 23,2938
Salo 25360 60,4565 23,2439
Salo 25370 60,4782 23,3433
Salo 25380 60,5087 23,4477
Salo 25390 60,4551 23,5622
Salo 25410 60,3508 23,6283
Salo 25420 60,3769 23,7029
Salo 25430 60,4125 23,7331
Salo 25460 60,2766 23,4419
Salo 25470 60,2254 23,5059
Salo 25500 60,181 23,1239
Salo 25520 60,2566 23,1356
Salo 25540 60,2442 23,2706
Salo 25550 60,1954 23,3692
Salo 25560 60,1847 23,2721
Salo 25570 60,2623 22,9784
Salo 25610 60,158 22,9806
Salo 25630 60,1089 22,9512
Salo 25640 60,0559 22,8971
Salo 25660 60,2169 22,9086
Somero 31400 60,6278 23,5259
Somero 31410 60,6985 23,4664
Somero 31450 60,5899 23,339
Somero 31460 60,5955 23,6676
Somero 31470 60,5634 23,7806
Somero 31490 60,5397 23,5639
Somero 31520 60,6731 23,2935
Somero 31530 60,6593 23,3909
Turku 20100 60,4449 22,2261
Turku 20200 60,4475 22,2261
Turku 20210 60,4551 22,2008
Turku 20240 60,4522 22,1571
Turku 20250 60,4587 22,2294
Turku 20300 60,4654 22,2624
Turku 20320 60,4761 22,2318
Turku 20360 60,4866 22,2771
Turku 20380 60,4866 22,3179
Turku 20400 60,5419 22,3045
Turku 20460 60,5431 22,3559
Turku 20500 60,4532 22,282
Turku 20520 60,4473 22,304
Turku 20540 60,4587 22,3141
Turku 20610 60,4446 22,3481
Kaarina 20660 60,4418 22,3944
Turku 20700 60,4447 22,2769
Turku 20720 60,4376 22,2973
Turku 20730 60,4276 22,3221
Turku 20740 60,4185 22,2997
Turku 20750 60,4318 22,3467
Kaarina 20760 60,4054 22,3253
Kaarina 20780 60,4099 22,3825
Turku 20800 60,4455 22,2642
Turku 20810 60,4347 22,2562
Turku 20880 60,4222 22,264
Turku 20900 60,4054 22,2186
Turku 20960 60,3648 22,1968
Naantali 21100 60,4616 22,0102
Naantali 21101 60,4808 22,0678
Naantali 21110 60,4885 22,0455
Raisio 21120 60,4734 22,1014
Naantali 21130 60,4156 21,8888
Naantali 21140 60,372 21,908
Naantali 21150 60,331 21,9011
Naantali 21160 60,4618 21,8549
Naantali 21180 60,514 21,7451
Naantali 21195 60,4435 21,666
Raisio 21200 60,4852 22,1538
Raisio 21201 60,4851 22,1318
Raisio 21210 60,4901 22,097
Raisio 21220 60,506 22,1272
Masku 21230 60,5658 21,9615
Masku 21240 60,5555 21,8561
Masku 21250 60,5469 22,0858
Masku 21251 60,5477 22,1335
Raisio 21260 60,4681 22,1715
Nousiainen 21270 60,6314 22,131
Raisio 21280 60,4831 22,1976
Rusko 21290 60,5434 22,2324
Rusko 21310 60,6195 22,3148
Turku 21330 60,5963 22,3832
Turku 21340 60,6749 22,4302
Lieto 21350 60,5083 22,3909
Lieto 21360 60,5698 22,4525
Lieto 21410 60,4815 22,3974
Lieto 21420 60,5044 22,4642
Lieto 21421 60,4756 22,4012
Lieto 21430 60,5456 22,5963
Lieto 21450 60,5866 22,7291
Kaarina 21500 60,4171 22,5067
Paimio 21510 60,4019 22,649
Paimio 21520 60,4299 22,6851
Paimio 21530 60,4563 22,6942
Paimio 21531 60,426 22,72
Paimio 21540 60,4634 22,7388
Paimio 21555 60,5007 22,782
Sauvo 21570 60,325 22,7004
Sauvo 21590 60,264 22,5566
Kaarina 21620 60,3858 22,3849
Virmo 23100 60,713 21,9941
Virmo 23120 60,6204 21,9093
Virmo 23140 60,6383 21,8461
Vehmaa 23200 60,685 21,697
Vehmaa 23210 60,6674 21,6572
Vehmaa 23260 60,612 21,7271
Taivassalo 23310 60,5566 21,5809
Kustavi 23360 60,5599 21,3331
Uusikaupunki 23450 60,6849 21,4259
Uusikaupunki 23500 60,8153 21,3828
Uusikaupunki 23501 60,7978 21,3726
Uusikaupunki 23600 60,8095 21,5835
Uusikaupunki 23660 60,7652 21,5461
Laitila 23800 60,8855 21,7204
Laitila 23840 60,9232 21,6898
Laitila 23880 60,9438 21,8156
Uusikaupunki 23930 60,9155 21,2784
Pyhäranta 23950 60,9382 21,453
Pyhäranta 23960 60,9805 21,4018
Pyhäranta 27320 60,9834 21,5883
Pyhäranta 27340 61,0433 21,3558
Aura 21370 60,6057 22,5432
Aura 21380 60,6464 22,5808
Aura 21381 60,6457 22,5754
Marttila 21480 60,5577 22,8494
Marttila 21490 60,5871 22,9005
Marttila 21560 60,6354 22,9623
Pöytyä 21800 60,6956 22,7618
Pöytyä 21820 60,7393 22,8109
Pöytyä 21840 60,6543 22,742
Pöytyä 21860 60,681 22,5651
Pöytyä 21870 60,7217 22,5891
Pöytyä 21880 60,7663 22,6269
Pöytyä 21890 60,8074 22,67
Pöytyä 21900 60,8799 22,3798
Pöytyä 21930 60,8176 22,4744
Koski Tl 31500 60,6571 23,1342
Loimaa 31960 61,0143 23,1198
Loimaa 32200 60,846 23,0571
Loimaa 32210 60,8776 22,978
Loimaa 32250 60,9376 22,9912
Loimaa 32260 60,9828 23,037
Loimaa 32270 60,9468 23,1678
Loimaa 32280 60,9264 23,241
Loimaa 32300 60,7684 22,9504
Loimaa 32410 60,8579 22,848
Loimaa 32430 60,9019 22,8399
Loimaa 32440 60,9593 22,8659
Loimaa 32450 61,0079 22,848
Oripää 32500 60,8639 22,69
Oripää 32520 60,8939 22,605
Loimaa 32560 60,9418 22,6662
Rauma 26100 61,1343 21,5026
Rauma 26200 61,1572 21,4755
Rauma 26410 61,1767 21,5183
Rauma 26510 61,1351 21,5735
Rauma 26560 61,1083 21,6421
Rauma 26660 61,1155 21,5343
Rauma 26720 61,0965 21,5462
Rauma 26740 61,0806 21,5992
Rauma 26820 61,1063 21,4887
Rauma 26840 61,0936 21,4926
Rauma 26910 61,0728 21,5081
Rauma 26930 61,0355 21,5388
Rauma 26950 61,068 21,437
Eurajoki 27100 61,2108 21,7032
Eurajoki 27110 61,2501 21,7867
Eurajoki 27130 61,1998 21,8542
Eurajoki 27150 61,195 21,608
Eurajoki 27160 61,2373 21,4547
Eurajoki 27170 61,2815 21,5467
Rauma 27220 61,0901 21,7754
Rauma 27230 61,1002 21,841
Rauma 27250 61,0528 21,9745
Rauma 27260 61,045 21,9199
Rauma 27310 61,0322 21,6787
Eura 27400 61,2176 22,0762
Eura 27420 61,2033 21,9765
Eura 27430 61,2416 21,9635
Eura 27450 61,2425 22,1176
Eura 27500 61,1014 22,158
Eura 27510 61,1363 22,0915
Eura 27511 61,1361 22,141
Eura 27600 60,9839 21,9919
Eura 27640 60,9781 22,0972
Eura 27650 60,9637 22,1964
Eura 27670 61,0193 22,1728
Säkylä 27710 61,1266 22,3072
Säkylä 27730 61,1766 22,2282
Säkylä 27740 61,2086 22,1937
Säkylä 27750 61,1246 22,3754
Säkylä 27800 61,0324 22,3623
Säkylä 27820 61,0823 22,2513
Säkylä 27840 61,0834 22,3908
Säkylä 27860 61,0641 22,5255
Säkylä 27910 61,04 22,4297
Säkylä 27920 60,9991 22,3922
Eurajoki 29100 61,3678 21,5718
Eurajoki 29180 61,3281 21,6552
Pori 28100 61,513 21,7643
Pori 28101 61,4811 21,8129
Pori 28120 61,4829 21,7693
Pori 28130 61,4708 21,811
Pori 28190 61,5597 21,7064
Pori 28200 61,5068 21,8133
Pori 28220 61,512 21,8511
Pori 28240 61,4921 21,8598
Ulvila 28260 61,4942 21,9304
Pori 28300 61,4835 21,8522
Pori 28330 61,4691 21,8663
Pori 28360 61,4745 21,836
Pori 28370 61,4665 21,8393
Ulvila 28400 61,4234 21,8707
Pori 28430 61,4485 21,8555
Ulvila 28450 61,439 21,905
Pori 28500 61,4743 21,7772
Pori 28540 61,4536 21,7669
Pori 28560 61,4076 21,7828
Pori 28580 61,4262 21,7289
Pori 28600 61,483 21,7202
Pori 28610 61,4788 21,7415
Pori 28660 61,4773 21,6393
Pori 28760 61,5318 21,6653
Pori 28800 61,5561 21,6148
Pori 28840 61,5745 21,5244
Pori 28880 61,5911 21,4893
Pori 28900 61,6355 21,4741
Harjavalta 29200 61,3188 22,1426
Nakkila 29250 61,3666 22,0064
Nakkila 29251 61,3688 21,9915
Nakkila 29270 61,3269 21,9332
Nakkila 29280 61,371 21,8587
Ulvila 29310 61,453 22,0208
Ulvila 29320 61,4468 22,0937
Ulvila 29340 61,4857 22,1814
Ulvila 29350 61,5117 22,0737
Pori 29570 61,5726 21,8083
Pori 29600 61,5958 21,8942
Pomarkku 29630 61,7072 21,9686
Pomarkku 29640 61,7445 22,1092
Pori 29680 61,6336 22,253
Pori 29700 61,6846 21,6022
Pori 29720 61,6661 21,7366
Merikarvia 29740 61,7789 21,6548
Merikarvia 29750 61,7653 21,5766
Merikarvia 29760 61,7722 21,5124
Merikarvia 29790 61,8551 21,6367
Merikarvia 29900 61,8676 21,4771
Merikarvia 29940 61,9555 21,6553
Huittinen 32610 61,0299 22,6726
Huittinen 32620 61,0706 22,7113
Huittinen 32700 61,1725 22,7045
Huittinen 32710 61,222 22,6903
Huittinen 32760 61,1484 22,8659
Huittinen 32770 61,0794 22,8944
Kokemäki 32800 61,2692 22,3597
Kokemäki 32810 61,2496 22,2866
Kokemäki 32830 61,2731 22,4207
Kokemäki 32860 61,3937 22,2961
Kokemäki 32910 61,306 22,5319
Kokemäki 32920 61,3864 22,4418
Pori 38600 61,5929 22,5293
Pori 38650 61,652 22,4675
Pori 38670 61,6047 22,4138
Pomarkku 38680 61,7205 22,2639
Siikainen 29810 61,8831 21,858
Siikainen 29830 61,8852 22,0656
Siikainen 29860 61,8259 21,772
Siikainen 29880 61,7825 21,8214
Kankaanpää 38700 61,7975 22,4063
Kankaanpää 38710 61,8046 22,373
Kankaanpää 38720 61,7341 22,5241
Kankaanpää 38740 61,8035 22,3025
Kankaanpää 38750 61,7694 22,2257
Kankaanpää 38760 61,823 22,1798
Kankaanpää 38770 61,8421 22,3356
Jämijärvi 38800 61,821 22,6943
Kankaanpää 38840 61,8682 22,5013
Jämijärvi 38860 61,9002 22,6038
Kankaanpää 38910 61,8989 22,3069
Honkajoki 38920 61,9344 22,2351
Honkajoki 38950 62,0014 22,2444
Honkajoki 38951 62,0194 22,1115
Honkajoki 38970 62,0794 22,2769
Karvia 39920 62,0952 22,6744
Karvia 39930 62,1407 22,5593
Karvia 39940 62,0764 22,511
Karvia 39960 62,1812 22,623
Karvia 39965 62,2299 22,6823
Karvia 39980 62,2479 22,6158
Karvia 39990 62,193 22,7424
Hattula 00002 61,0806 24,2737
Janakkala 12380 60,8609 24,7113
Janakkala 12400 60,8141 24,6297
Janakkala 12450 60,7766 24,5139
Hämeenlinna 13100 60,9876 24,4531
Hämeenlinna 13101 60,984 24,4921
Hämeenlinna 13110 60,9862 24,4863
Hämeenlinna 13111 60,9824 24,4992
Hämeenlinna 13130 60,9993 24,4287
Hämeenlinna 13200 60,9993 24,4854
Hämeenlinna 13210 61,0117 24,5055
Hämeenlinna 13220 61,0136 24,4687
Hämeenlinna 13250 60,9843 24,513
Hämeenlinna 13270 61,0093 24,5454
Hämeenlinna 13300 60,9651 24,5514
Janakkala 13330 60,9582 24,634
Hämeenlinna 13430 60,9599 24,4838
Hämeenlinna 13500 60,9766 24,3929
Hämeenlinna 13530 60,9882 24,4124
Hämeenlinna 13600 61,0137 24,431
Hattula 13700 61,0335 24,3447
Hattula 13720 61,0602 24,3487
Hattula 13800 61,1104 24,3773
Hattula 13880 61,0819 24,402
Hattula 13900 61,0537 24,4491
Janakkala 14140 60,8802 24,8923
Janakkala 14200 60,925 24,6993
Janakkala 14240 60,8909 24,5671
Hämeenlinna 14300 60,8628 24,2805
Hämeenlinna 14330 60,8376 24,3964
Hämeenlinna 14370 60,8438 24,1927
Hattula 14430 60,9433 24,1217
Hämeenlinna 14450 60,9882 24,0442
Hämeenlinna 14500 61,076 24,0959
Hattula 14530 61,0528 24,2397
Hattula 14610 61,1177 24,3464
Hattula 14620 61,145 24,3383
Hämeenlinna 14680 61,2053 24,447
Hämeenlinna 14690 61,2575 24,56
Hämeenlinna 14700 61,176 24,5993
Hämeenlinna 14770 61,0766 24,6801
Hämeenlinna 14810 61,1017 24,8695
Hämeenlinna 14820 61,088 24,8153
Hämeenlinna 14840 61,1535 24,7913
Hämeenlinna 14870 61,1896 24,7768
Hämeenlinna 14930 61,2703 24,6979
Hämeenlinna 16900 61,1172 24,9798
Hämeenlinna 16960 61,1714 25,0446
Hämeenlinna 16970 61,1913 25,1282
Riihimäki 11100 60,7338 24,7614
Riihimäki 11101 60,7505 24,7857
Riihimäki 11111 60,7257 24,7812
Riihimäki 11120 60,7517 24,7674
Riihimäki 11130 60,7316 24,8083
Riihimäki 11310 60,7603 24,7909
Riihimäki 11311 60,7598 24,7899
Riihimäki 11710 60,7035 24,727
Riihimäki 11910 60,7378 24,7324
Hausjärvi 12100 60,791 25,0217
Hausjärvi 12130 60,8329 25,0558
Hausjärvi 12170 60,8916 25,0502
Hausjärvi 12210 60,7789 24,9344
Hausjärvi 12240 60,7434 24,9417
Hausjärvi 12310 60,8168 24,7599
Hausjärvi 12350 60,8179 24,8414
Loppi 12520 60,7426 24,6541
Loppi 12540 60,7422 24,5771
Loppi 12600 60,6163 24,4678
Loppi 12630 60,6769 24,4904
Loppi 12640 60,7117 24,4996
Loppi 12700 60,7165 24,4259
Loppi 12750 60,6575 24,226
Loppi 12820 60,7393 24,1165
Loppi 12920 60,7572 24,2572
Loppi 12950 60,7783 24,1287
Forssa 30100 60,8297 23,624
Forssa 30300 60,8009 23,6277
Forssa 30420 60,8129 23,5983
Forssa 31110 60,9675 23,5446
Forssa 31130 60,9379 23,6662
Forssa 31170 60,9673 23,7291
Tammela 31230 60,9173 23,8598
Tammela 31250 60,8759 23,9586
Tammela 31300 60,8099 23,8068
Tammela 31310 60,8333 23,7804
Tammela 31340 60,7552 23,9073
Tammela 31350 60,6821 23,9392
Tammela 31370 60,7253 23,79
Tammela 31380 60,6928 23,7439
Jokioinen 31600 60,8078 23,4927
Jokioinen 31610 60,7838 23,4239
Jokioinen 31620 60,8885 23,5028
Jokioinen 31630 60,8547 23,432
Humppila 31640 60,93 23,365
Humppila 31650 60,9712 23,3217
Ypäjä 32100 60,7891 23,2893
Ypäjä 32140 60,8627 23,213
Ikaalinen 39410 61,7878 23,2775
Ikaalinen 39430 61,8122 23,1593
Ikaalinen 39450 61,8462 23,4092
Ikaalinen 39500 61,7742 23,055
Ikaalinen 39501 61,7703 23,06
Ikaalinen 39530 61,7489 22,9593
Ikaalinen 39580 61,8739 22,9803
Ikaalinen 39590 61,8408 23,0541
Ikaalinen 39610 61,9014 22,8341
Parkano 39620 61,9744 22,708
Parkano 39660 61,9847 22,9246
Parkano 39700 62,0143 23,0417
Parkano 39750 62,1867 22,9375
Parkano 39770 62,016 23,3294
Parkano 39780 61,9517 22,9965
Kihniö 39810 62,1414 23,1586
Kihniö 39820 62,2037 23,1819
Kihniö 39880 62,1475 23,2759
Urjala 31140 61,011 23,4898
Urjala 31160 61,0399 23,4059
Urjala 31700 61,0393 23,6778
Urjala 31720 61,0841 23,4235
Urjala 31730 61,1386 23,4301
Urjala 31750 61,1919 23,4905
Urjala 31760 61,0831 23,5506
Urjala 31761 61,0797 23,5554
Urjala 31830 61,1963 23,3174
Urjala 31860 61,0826 23,3165
Valkeakoski 37600 61,2609 24,0581
Valkeakoski 37630 61,2876 24,0034
Valkeakoski 37700 61,198 24,0815
Valkeakoski 37720 61,1863 24,1669
Valkeakoski 37740 61,2201 24,2478
Valkeakoski 37770 61,1537 24,0238
Akaa 37800 61,1645 23,8542
Akaa 37830 61,2124 23,7521
Valkeakoski 37850 61,2274 23,8663
Valkeakoski 37860 61,2409 23,9471
Akaa 37900 61,1126 23,6875
Akaa 37910 61,1592 23,6466
Akaa 37960 61,142 23,7981
Pälkäne 14960 61,2998 24,6887
Pälkäne 14980 61,3118 24,7945
Tampere 33100 61,4942 23,7817
Kangasala 33101 61,4795 23,9886
Tampere 33180 61,5123 23,7804
Tampere 33200 61,4947 23,7523
Tampere 33210 61,5006 23,7532
Tampere 33230 61,499 23,7374
Tampere 33231 61,506 23,7452
Tampere 33240 61,4986 23,7145
Tampere 33250 61,504 23,71
Tampere 33270 61,5057 23,6777
Tampere 33300 61,498 23,635
Tampere 33310 61,5091 23,626
Tampere 33330 61,4986 23,5876
Tampere 33340 61,5137 23,6014
Nokia 33380 61,4805 23,5785
Tampere 33400 61,5274 23,6721
Tampere 33410 61,5289 23,7109
Tampere 33420 61,5219 23,635
Ylöjärvi 33430 61,5294 23,6039
Ylöjärvi 33450 61,5522 23,6726
Ylöjärvi 33470 61,5573 23,5829
Ylöjärvi 33480 61,5809 23,6198
Tampere 33500 61,5049 23,7936
Tampere 33520 61,5033 23,8187
Tampere 33530 61,4964 23,8303
Tampere 33540 61,4957 23,8041
Tampere 33560 61,4978 23,8587
Tampere 33580 61,493 23,9106
Tampere 33610 61,5188 23,9358
Tampere 33680 61,5835 23,9297
Tampere 33700 61,4852 23,8396
Tampere 33710 61,4678 23,877
Tampere 33720 61,4471 23,8565
Tampere 33730 61,477 23,92
Kangasala 33731 61,4737 23,9612
Tampere 33800 61,4794 23,8041
Tampere 33820 61,4686 23,8035
Tampere 33840 61,4508 23,7634
Tampere 33850 61,438 23,7516
Tampere 33870 61,4346 23,8178
Lempäälä 33880 61,4172 23,7653
Tampere 33900 61,4697 23,7443
Pirkkala 33920 61,4561 23,7195
Pirkkala 33950 61,47 23,6975
Pirkkala 33960 61,4589 23,646
Pirkkala 33980 61,4368 23,5688
Ylöjärvi 34110 61,6119 23,5455
Ylöjärvi 34130 61,6244 23,6242
Ylöjärvi 34140 61,6649 23,6076
Ylöjärvi 34150 61,7368 23,5504
Ylöjärvi 34180 61,7372 23,7105
Tampere 34240 61,6229 23,8604
Tampere 34260 61,7147 23,8592
Tampere 34270 61,7537 23,9702
Ylöjärvi 34300 61,8926 23,7271
Ylöjärvi 34301 61,9367 23,6971
Ylöjärvi 34320 61,8121 23,7057
Ylöjärvi 34330 61,7892 23,6162
Ylöjärvi 34510 61,9637 23,517
Ylöjärvi 34530 61,983 23,3706
Ylöjärvi 34550 62,0615 23,4501
Orivesi 35100 61,6489 24,3969
Orivesi 35220 61,5831 24,5474
Orivesi 35240 61,5528 24,6504
Orivesi 35260 61,6259 24,5891
Orivesi 35270 61,6325 24,7009
Orivesi 35300 61,6699 24,3509
Orivesi 35301 61,6664 24,2872
Orivesi 35320 61,7465 24,3026
Orivesi 35420 61,7492 24,6597
Orivesi 35480 61,6862 24,7035
Kangasala 36100 61,493 24,0044
Kangasala 36110 61,5225 24,0191
Kangasala 36120 61,5563 24,1015
Kangasala 36200 61,4685 24,0754
Kangasala 36220 61,4719 23,9978
Kangasala 36240 61,4789 23,95
Kangasala 36270 61,449 24,1439
Kangasala 36280 61,4921 24,0845
Kangasala 36340 61,5465 24,2919
Kangasala 36420 61,4841 24,3496
Kangasala 36430 61,4496 24,4046
Pälkäne 36450 61,3922 24,4245
Kangasala 36520 61,4151 24,2101
Kangasala 36570 61,3848 24,1378
Pälkäne 36600 61,3379 24,2682
Pälkäne 36640 61,294 24,2968
Pälkäne 36660 61,26 24,3641
Pälkäne 36720 61,3426 24,5011
Pälkäne 36760 61,3557 24,6464
Kangasala 36810 61,5119 24,5382
Kangasala 36840 61,4937 24,6898
Kangasala 36880 61,519 24,8478
Pälkäne 36910 61,3995 24,7303
Pälkäne 36930 61,3931 24,8285
Nokia 37100 61,4836 23,51
Nokia 37120 61,453 23,475
Nokia 37130 61,4888 23,4803
Nokia 37140 61,473 23,454
Nokia 37150 61,4923 23,5363
Nokia 37180 61,4279 23,2489
Nokia 37200 61,484 23,3096
Nokia 37210 61,4906 23,2493
Nokia 37240 61,4919 23,3555
Nokia 37310 61,3926 23,3623
Vesilahti 37350 61,331 23,2968
Vesilahti 37370 61,3095 23,4673
Vesilahti 37380 61,2348 23,4085
Vesilahti 37420 61,2434 23,6083
Vesilahti 37470 61,303 23,6067
Lempäälä 37500 61,3069 23,7687
Lempäälä 37530 61,3673 23,5986
Lempäälä 37550 61,3453 23,7618
Lempäälä 37560 61,3864 23,7775
Lempäälä 37570 61,3561 23,8261
Hämeenkyrö 38490 61,5612 23,0949
Hämeenkyrö 39100 61,6203 23,1936
Hämeenkyrö 39101 61,6396 23,1916
Hämeenkyrö 39110 61,5941 23,2387
Hämeenkyrö 39130 61,5795 23,335
Hämeenkyrö 39150 61,5885 23,4412
Ylöjärvi 39160 61,5728 23,5151
Hämeenkyrö 39170 61,5382 23,2642
Hämeenkyrö 39180 61,5958 23,1329
Hämeenkyrö 39195 61,6236 22,9737
Hämeenkyrö 39200 61,6694 23,1745
Hämeenkyrö 39230 61,7042 23,1645
Hämeenkyrö 39290 61,65 22,9002
Ylöjärvi 39310 61,7099 23,2903
Ylöjärvi 39340 61,724 23,4602
Ylöjärvi 39360 61,6814 23,4025
Hämeenkyrö 39380 61,6544 23,4463
Punkalaidun 31810 61,1596 23,2011
Punkalaidun 31850 61,0908 23,2229
Punkalaidun 31900 61,1083 23,1116
Punkalaidun 31930 61,147 22,9667
Punkalaidun 31950 61,04 23,2142
Punkalaidun 31970 61,052 23,0005
Sastamala 32730 61,2602 22,7418
Sastamala 32740 61,2867 22,689
Sastamala 38100 61,4421 23,0612
Sastamala 38120 61,415 23,1428
Sastamala 38130 61,4038 23,0511
Sastamala 38140 61,379 23,1017
Sastamala 38200 61,3316 22,9311
Sastamala 38201 61,3278 22,8551
Sastamala 38210 61,3714 22,9038
Sastamala 38220 61,329 23,0782
Sastamala 38250 61,2912 22,9464
Sastamala 38270 61,239 23,1575
Sastamala 38280 61,2138 23,003
Sastamala 38300 61,3333 22,749
Sastamala 38360 61,4583 22,6002
Sastamala 38420 61,4998 23,1259
Sastamala 38460 61,5143 22,9572
Sastamala 38470 61,5547 22,9491
Sastamala 38510 61,5703 22,7551
Ruovesi 34410 61,8255 23,9547
Ruovesi 34420 61,8625 23,9189
Ruovesi 34430 61,851 24,0089
Ruovesi 34450 61,8954 24,0842
Ruovesi 34600 61,968 24,0406
Ruovesi 34640 62,051 24,0187
Virrat 34710 62,1371 23,6808
Virrat 34730 62,2071 23,5324
Virrat 34740 62,2086 23,6487
Virrat 34770 62,2962 23,3731
Virrat 34800 62,2272 23,782
Ruovesi 34870 62,1099 23,9251
Virrat 34910 62,3359 23,4951
Virrat 34930 62,3798 23,6591
Virrat 34950 62,3416 23,7801
Virrat 34970 62,3811 23,844
Virrat 34980 62,4093 23,8723
Juupajoki 35500 61,8051 24,3698
Juupajoki 35520 61,8499 24,4555
Juupajoki 35530 61,8807 24,5
Juupajoki 35540 61,8022 24,5168
Juupajoki 35550 61,7528 24,4639
Mänttä-Vilppula 35700 62,0303 24,4598
Ruovesi 35740 61,9624 24,3141
Ruovesi 35750 61,9631 24,2219
Mänttä-Vilppula 35800 62,0383 24,6105
Mänttä-Vilppula 35990 62,1307 24,5115
Mänttä-Vilppula 42830 62,1982 24,2428
Mänttä-Vilppula 42840 62,1246 24,1988
Mänttä-Vilppula 42850 62,1514 24,1197
Virrat 42870 62,2527 24,0267
Lahti 15100 60,9742 25,6586
Lahti 15101 60,9694 25,6321
Lahti 15110 60,9845 25,6492
Lahti 15140 60,9904 25,6608
Lahti 15150 60,9748 25,7023
Lahti 15160 60,9725 25,7532
Lahti 15170 60,9842 25,7112
Lahti 15200 60,9921 25,6871
Lahti 15210 61,0002 25,6748
Lahti 15230 61,0142 25,7158
Lahti 15240 61,0228 25,6604
Hollola 15270 61,0451 25,6537
Lahti 15300 60,9945 25,7571
Lahti 15320 61,0067 25,7763
Lahti 15340 61,0121 25,8015
Lahti 15460 61,0626 25,8544
Lahti 15500 60,9646 25,6697
Lahti 15520 60,9694 25,6859
Lahti 15540 60,9464 25,8317
Lahti 15550 60,9376 25,9775
Lahti 15560 60,9713 25,9458
Lahti 15580 61,0388 25,9914
Lahti 15610 60,9548 25,6509
Lahti 15680 60,9279 25,6678
Lahti 15700 60,9539 25,6203
Lahti 15800 60,9752 25,6152
Lahti 15810 60,9726 25,5792
Hollola 15820 60,9454 25,5409
Lahti 15830 60,9801 25,5835
Lahti 15840 60,9822 25,5652
Lahti 15850 60,9891 25,5703
Hollola 15860 60,9832 25,5346
Hollola 15870 60,9896 25,506
Hollola 15880 60,9935 25,4164
Lahti 15900 60,9883 25,6074
Lahti 15950 61,0047 25,5906
Hollola 15980 61,0154 25,5547
Lahti 16100 60,9425 26,0343
Lahti 16160 61,0108 26,0746
Orimattila 16200 60,7554 26,0429
Orimattila 16230 60,734 26,1214
Orimattila 16260 60,8002 26,1206
Orimattila 16270 60,7849 25,9992
Orimattila 16280 60,8673 26,0121
Orimattila 16300 60,8017 25,7116
Orimattila 16301 60,8064 25,7534
Orimattila 16310 60,8566 25,7133
Orimattila 16320 60,8956 25,6948
Orimattila 16330 60,871 25,8224
Orimattila 16350 60,779 25,8994
Orimattila 16390 60,7358 25,7895
Orimattila 16450 60,7201 25,6113
Hollola 16500 60,9008 25,4222
Orimattila 16510 60,8451 25,4737
Kärkölä 16540 60,8059 25,3633
Kärkölä 16600 60,8605 25,2786
Kärkölä 16610 60,9166 25,2392
Hollola 16630 60,9477 25,3423
Kärkölä 16670 60,8543 25,1643
Hollola 16710 61,05 25,3885
Hollola 16730 61,0663 25,487
Hollola 16790 61,094 25,3366
Hollola 16800 61,017 25,159
Hollola 17110 61,0711 25,6587
Hollola 17120 61,1007 25,5913
Asikkala 17130 61,1387 25,663
Asikkala 17150 61,1724 25,8244
Asikkala 17200 61,18 25,5611
Asikkala 17201 61,1785 25,5363
Asikkala 17220 61,2283 25,7399
Asikkala 17240 61,292 25,6898
Asikkala 17320 61,2514 25,4773
Asikkala 17410 61,1368 25,3505
Asikkala 17430 61,1812 25,3743
Asikkala 17440 61,2111 25,3803
Asikkala 17450 61,2339 25,343
Padasjoki 17470 61,2951 25,3646
Padasjoki 17500 61,3918 25,2711
Padasjoki 17501 61,3525 25,3071
Padasjoki 17510 61,3242 25,3308
Padasjoki 17530 61,3946 25,1283
Padasjoki 17610 61,3015 25,0738
Padasjoki 17630 61,3584 25,0018
Padasjoki 17710 61,4467 25,0921
Padasjoki 17740 61,4357 24,9219
Heinola 18100 61,2039 26,031
Heinola 18120 61,2119 26,0715
Heinola 18130 61,1956 26,0558
Heinola 18150 61,1895 26,0268
Heinola 18200 61,2219 26,0422
Heinola 18300 61,2591 26,1397
Heinola 18600 61,1653 25,9753
Heinola 19110 61,1062 25,9334
Heinola 19120 61,1152 26,0078
Heinola 19210 61,3261 26,0665
Sysmä 19230 61,4161 26,042
Heinola 19250 61,365 26,1737
Heinola 19260 61,362 26,267
Sysmä 19310 61,3596 25,5731
Sysmä 19320 61,4019 25,64
Sysmä 19370 61,4116 25,8372
Hartola 19510 61,435 26,1832
Hartola 19540 61,5196 26,2031
Hartola 19600 61,6088 25,9998
Hartola 19601 61,6204 26,0672
Hartola 19610 61,5364 26,0909
Hartola 19620 61,5031 25,9864
Hartola 19630 61,4703 25,9407
Sysmä 19700 61,5237 25,6607
Sysmä 19730 61,5927 25,6534
Sysmä 19740 61,627 25,7377
Sysmä 19770 61,5328 25,8716
Hartola 19850 61,7228 25,8877
Iitti 19160 61,0949 26,1768
Kouvola 45100 60,8683 26,7354
Kouvola 45120 60,8599 26,7279
Kouvola 45130 60,8669 26,6709
Kouvola 45150 60,8507 26,7165
Kouvola 45160 60,8875 26,7163
Kouvola 45200 60,8749 26,7499
Kouvola 45330 60,93 26,6957
Kouvola 45360 60,9166 26,7676
Kouvola 45370 60,9518 26,8276
Kouvola 45410 60,9041 26,9202
Kouvola 45460 60,8291 26,9772
Kouvola 45610 60,8349 26,5804
Kouvola 45611 60,8471 26,5963
Kouvola 45700 60,9079 26,6269
Kouvola 45720 60,8901 26,6563
Kouvola 45740 60,8999 26,5948
Kouvola 45750 60,9 26,649
Kouvola 45810 60,9433 26,5761
Kouvola 45910 60,9548 26,6156
Kouvola 45940 60,9831 26,6024
Kouvola 46110 61,1006 27,0922
Kouvola 46140 61,1022 26,9874
Kouvola 46230 61,069 26,8752
Kouvola 46400 60,9038 27,1317
Kouvola 46430 60,9696 27,0627
Kouvola 46450 60,8374 27,136
Kouvola 46570 60,8526 27,3353
Kouvola 46710 60,7594 27,0231
Kouvola 46730 60,6975 27,0744
Kouvola 46750 60,698 27,0002
Kouvola 46800 60,7736 26,7991
Kouvola 46810 60,7615 26,7543
Kouvola 46860 60,749 26,8278
Kouvola 46900 60,6984 26,8485
Kouvola 46910 60,6911 26,797
Kouvola 46950 60,6323 26,7396
Kouvola 46960 60,6968 26,695
Kouvola 47110 60,7559 26,5982
Kouvola 47150 60,6602 26,5636
Kouvola 47200 60,7224 26,4612
Kouvola 47201 60,7161 26,4352
Kouvola 47260 60,6584 26,4724
Iitti 47310 60,7831 26,2971
Iitti 47400 60,8893 26,3487
Iitti 47440 60,8322 26,2494
Iitti 47450 60,8453 26,1798
Iitti 47460 60,9117 26,1509
Iitti 47490 60,9548 26,2063
Iitti 47520 60,9432 26,3934
Iitti 47540 60,9643 26,4553
Iitti 47610 60,9805 26,3434
Kouvola 47650 61,0423 26,3377
Kouvola 47710 61,1055 26,44
Kouvola 47760 61,1999 26,6126
Kouvola 47810 61,0851 26,7046
Kouvola 47830 61,0455 26,6613
Kouvola 47850 61,0764 26,6168
Kouvola 47900 61,1176 26,791
Kouvola 47910 61,1895 26,7846
Kotka 46930 60,6518 26,7791
Kotka 48100 60,4181 27,0224
Kotka 48130 60,4539 26,9434
Kotka 48200 60,4743 26,9259
Kotka 48210 60,4723 26,9125
Kotka 48220 60,4831 26,904
Kotka 48230 60,495 26,8946
Kotka 48300 60,4756 26,8733
Kotka 48310 60,4489 26,8858
Kotka 48350 60,4825 26,8577
Kotka 48400 60,495 26,8646
Kotka 48410 60,5277 26,8512
Kotka 48600 60,5167 26,9359
Kotka 48700 60,5127 26,8995
Kotka 48710 60,521 26,8782
Kotka 48720 60,5426 26,8987
Kotka 48750 60,5705 26,8341
Kotka 48770 60,5357 26,9514
Kotka 48800 60,5293 26,9682
Kotka 48810 60,5486 26,9924
Kotka 48900 60,4988 26,9586
Kotka 48910 60,5012 26,9789
Kotka 48930 60,4674 26,9834
Pyttis 49200 60,4789 26,7856
Pyttis 49210 60,4834 26,7512
Pyttis 49220 60,4556 26,676
Pyttis 49240 60,4454 26,6557
Pyttis 49270 60,4913 26,5364
Pyttis 49290 60,6052 26,638
Kotka 49300 60,5809 26,9625
Kotka 49340 60,6053 26,9377
Hamina 49400 60,5645 27,2167
Hamina 49401 60,5186 27,1602
Hamina 49410 60,5708 27,1487
Hamina 49420 60,5579 27,1274
Hamina 49460 60,5472 27,1561
Hamina 49461 60,5209 27,1555
Hamina 49480 60,5425 27,1186
Hamina 49490 60,5471 27,0529
Hamina 49510 60,606 27,1677
Hamina 49520 60,6089 27,0948
Hamina 49540 60,6543 27,0671
Hamina 49570 60,6896 27,1789
Hamina 49610 60,5917 27,2263
Hamina 49630 60,6268 27,2188
Hamina 49640 60,653 27,2632
Hamina 49660 60,7546 27,333
Miehikkälä 49700 60,6793 27,7183
Miehikkälä 49720 60,7088 27,7633
Miehikkälä 49730 60,6677 27,889
Miehikkälä 49750 60,678 27,5883
Miehikkälä 49760 60,7248 27,5519
Miehikkälä 49770 60,6795 27,4867
Hamina 49780 60,6711 27,3786
Hamina 49840 60,4823 27,367
Virolahti 49860 60,508 27,4547
Virolahti 49900 60,5593 27,7022
Virolahti 49930 60,5932 27,8204
Virolahti 49960 60,5488 27,5884
Virolahti 49980 60,525 27,5385
Luumäki 46530 60,9722 27,2269
Lappeenranta 53100 61,0564 28,1938
Lappeenranta 53130 61,0668 28,2076
Lappeenranta 53200 61,063 28,23
Lappeenranta 53300 61,0691 28,2845
Lappeenranta 53400 61,0885 28,3433
Lappeenranta 53420 61,0626 28,3209
Lappeenranta 53500 61,0503 28,2375
Lappeenranta 53550 61,0367 28,2193
Lappeenranta 53600 61,0487 28,1693
Lappeenranta 53650 61,025 28,1626
Lappeenranta 53810 61,0484 28,1298
Lappeenranta 53830 61,0377 28,0187
Lappeenranta 53850 61,0456 28,0763
Lappeenranta 53900 61,0645 28,176
Lappeenranta 53920 61,0766 28,1545
Lappeenranta 53950 61,099 28,1379
Lappeenranta 54100 61,1175 28,5163
Lappeenranta 54101 61,1401 28,5537
Lappeenranta 54110 61,107 28,4652
Lappeenranta 54120 61,1231 28,437
Lappeenranta 54190 61,0302 28,5042
Lappeenranta 54230 60,9808 28,5583
Lappeenranta 54250 60,9526 28,405
Lappeenranta 54260 60,9988 28,2655
Lappeenranta 54270 60,8947 28,3063
Lappeenranta 54300 60,9731 28,0487
Lappeenranta 54310 60,9634 28,175
Lappeenranta 54330 60,9086 28,1468
Lappeenranta 54390 60,9163 27,9884
Lappeenranta 54410 60,8186 28,0525
Lappeenranta 54430 60,7103 27,9613
Lappeenranta 54460 60,7776 27,9077
Lappeenranta 54490 60,7906 27,7776
Luumäki 54500 60,9476 27,5102
Luumäki 54510 60,9182 27,6753
Luumäki 54530 60,9585 27,7532
Luumäki 54550 60,8629 27,8087
Luumäki 54580 60,9377 27,4134
Luumäki 54590 60,9617 27,3521
Lemi 54710 61,0569 27,7892
Lemi 54720 61,0826 27,6973
Savitaipale 54750 61,0542 27,546
Savitaipale 54770 61,1321 27,4036
Savitaipale 54800 61,2139 27,6398
Lemi 54820 61,1313 27,8243
Lemi 54850 61,0879 27,9326
Taipalsaari 54915 61,1363 28,0996
Taipalsaari 54920 61,1802 28,0626
Taipalsaari 54930 61,2124 27,9501
Taipalsaari 54940 61,2649 27,8579
Savitaipale 54950 61,3067 27,7744
Taipalsaari 54960 61,1583 28,2271
Lappeenranta 55300 61,1739 28,6843
Lappeenranta 55320 61,1913 28,6931
Lappeenranta 55330 61,1947 28,6701
Taipalsaari 56350 61,3119 28,2088
Imatra 55100 61,1671 28,7721
Imatra 55120 61,1937 28,7683
Imatra 55400 61,2141 28,7711
Imatra 55420 61,2031 28,7485
Imatra 55510 61,203 28,7932
Imatra 55610 61,1575 28,8108
Imatra 55700 61,2078 28,8253
Imatra 55800 61,2215 28,8608
Imatra 55910 61,2388 28,8882
Ruokolahti 56100 61,2965 28,8378
Ruokolahti 56120 61,2811 28,7766
Ruokolahti 56140 61,2835 28,5994
Ruokolahti 56210 61,3894 28,815
Ruokolahti 56310 61,4118 28,4846
Ruokolahti 56330 61,3511 28,4431
Ruokolahti 56410 61,3515 28,9973
Ruokolahti 56440 61,4541 28,985
Ruokolahti 56510 61,2783 28,9497
Rautjärvi 56550 61,234 29,0868
Rautjärvi 56610 61,3288 29,1149
Rautjärvi 56640 61,2508 29,1184
Rautjärvi 56710 61,2985 29,2148
Rautjärvi 56730 61,3981 29,2077
Rautjärvi 56800 61,4404 29,3407
Parikkala 59100 61,5484 29,5342
Parikkala 59130 61,4713 29,4481
Parikkala 59210 61,5475 29,3459
Parikkala 59310 61,6063 29,4722
Parikkala 59320 61,6202 29,5924
Parikkala 59410 61,657 29,6471
Parikkala 59510 61,6997 29,6919
Parikkala 59520 61,6561 29,7663
Parikkala 59530 61,6893 29,7961
Parikkala 59610 61,7267 29,7565
Parikkala 59710 61,7699 29,826
Parikkala 59720 61,7479 29,8992
Parikkala 59730 61,7922 30,0032
Pertunmaa 19410 61,4145 26,4022
Pertunmaa 19420 61,493 26,3525
Pertunmaa 19430 61,5056 26,4802
Pertunmaa 19460 61,6042 26,3975
Pertunmaa 19470 61,5352 26,5464
Pertunmaa 19480 61,5205 26,6206
Mikkeli 50100 61,7037 27,2543
Mikkeli 50120 61,6925 27,2343
Mikkeli 50130 61,6782 27,2423
Mikkeli 50150 61,698 27,2059
Mikkeli 50160 61,6689 27,266
Mikkeli 50170 61,7054 27,3032
Mikkeli 50180 61,7005 27,3557
Mikkeli 50190 61,6885 27,3125
Mikkeli 50200 61,7438 27,1435
Mikkeli 50300 61,7816 27,3858
Mikkeli 50350 61,6994 27,4062
Mikkeli 50500 61,6505 27,2573
Mikkeli 50520 61,6696 27,2442
Mikkeli 50600 61,675 27,1754
Mikkeli 50670 61,6448 27,0677
Mikkeli 50700 61,6229 27,2501
Mikkeli 50770 61,74 26,9912
Mikkeli 50800 61,6307 27,3386
Mikkeli 50970 61,791 27,2192
Mikkeli 51130 61,8353 26,9047
Kangasniemi 51200 61,9727 26,6476
Kangasniemi 51201 61,8777 26,5906
Kangasniemi 51260 62,2005 26,6194
Kangasniemi 51270 62,1134 26,7521
Kangasniemi 51310 61,9018 26,4783
Kangasniemi 51335 62 26,5169
Kangasniemi 51340 61,9917 26,4285
Kangasniemi 51360 62,1434 26,3973
Kangasniemi 51380 62,1138 26,5061
Mikkeli 51420 61,8469 27,0419
Kangasniemi 51430 61,9235 26,9032
Kangasniemi 51440 61,9863 26,8302
Mikkeli 51450 61,9023 27,0346
Kangasniemi 51460 61,9788 26,9929
Mikkeli 51520 61,8165 27,3103
Mikkeli 51540 61,9208 27,2898
Mikkeli 51600 62,0264 27,1767
Mikkeli 51620 61,9573 27,2882
Mikkeli 51670 62,1071 26,9868
Mikkeli 51720 61,7178 27,4729
Mikkeli 51740 61,7453 27,5316
Mikkeli 52100 61,5976 27,6708
Mikkeli 52110 61,616 27,4662
Mikkeli 52150 61,5315 27,7358
Puumala 52200 61,512 28,2032
Puumala 52230 61,445 27,8397
Puumala 52270 61,6653 28,2076
Mikkeli 52300 61,4884 27,3249
Mikkeli 52320 61,564 27,2424
Mikkeli 52330 61,583 27,2866
Mikkeli 52340 61,5348 27,4493
Mikkeli 52360 61,4635 27,6057
Mikkeli 52420 61,4082 27,472
Hirvensalmi 52510 61,5638 26,9216
Hirvensalmi 52520 61,6471 26,9279
Hirvensalmi 52550 61,6743 26,7464
Hirvensalmi 52551 61,6513 26,7727
Hirvensalmi 52610 61,7214 26,5862
Hirvensalmi 52620 61,795 26,5138
Mäntyharju 52700 61,3886 26,876
Mäntyharju 52720 61,4474 26,6287
Mäntyharju 52730 61,4184 26,5862
Mäntyharju 52740 61,5187 26,7112
Mäntyharju 52760 61,4901 26,9135
Mikkeli 52780 61,4312 27,1198
Mikkeli 52830 61,3333 27,3947
Mäntyharju 52850 61,2469 27,2535
Mäntyharju 52890 61,2091 27,1126
Mäntyharju 52920 61,263 26,7507
Mäntyharju 52960 61,3268 26,666
Mäntyharju 52970 61,3236 26,5787
Mäntyharju 52980 61,3304 26,4642
Mikkeli 77380 62,1307 27,1859
Savonlinna 57100 61,8316 28,8353
Savonlinna 57120 61,8795 28,8699
Savonlinna 57130 61,8762 28,8879
Savonlinna 57170 61,8762 28,8544
Savonlinna 57200 61,8677 28,9237
Savonlinna 57210 61,8791 28,9417
Savonlinna 57220 61,8624 28,9641
Savonlinna 57230 61,7885 29,0415
Savonlinna 57310 61,9759 28,822
Savonlinna 57510 61,8754 28,8277
Savonlinna 57600 61,8558 28,8182
Savonlinna 57710 61,8879 28,7978
Savonlinna 57810 61,8479 28,7367
Savonlinna 58130 62,118 28,6111
Savonlinna 58140 62,1649 28,5028
Savonlinna 58150 61,9813 28,9312
Enonkoski 58160 62,0371 28,8625
Enonkoski 58170 62,04 29,0046
Enonkoski 58175 62,0952 28,928
Enonkoski 58180 62,1688 28,8183
Savonlinna 58200 61,9307 29,2819
Savonlinna 58220 61,9386 29,0482
Savonlinna 58260 61,979 29,4162
Savonlinna 58300 62,176 29,2051
Savonlinna 58320 62,0391 29,4622
Savonlinna 58360 62,2774 29,1753
Savonlinna 58390 62,3479 29,2283
Savonlinna 58410 61,8862 29,0821
Savonlinna 58420 61,8528 29,1051
Savonlinna 58430 61,8255 29,2234
Savonlinna 58450 61,7845 29,2958
Savonlinna 58500 61,7547 29,4094
Savonlinna 58520 61,8168 29,5817
Savonlinna 58550 61,7013 29,4045
Savonlinna 58570 61,6722 29,2944
Savonlinna 58580 61,6162 29,2012
Sulkava 58610 61,6577 28,586
Sulkava 58620 61,6124 28,6945
Savonlinna 58650 61,6877 28,7609
Savonlinna 58680 61,5872 28,9795
Savonlinna 58690 61,6207 29,0295
Sulkava 58700 61,7961 28,3516
Sulkava 58720 61,692 28,3994
Savonlinna 58770 61,8595 28,5327
Savonlinna 58810 61,914 28,6272
Rantasalmi 58830 61,9671 28,5553
Rantasalmi 58850 61,9567 28,3849
Rantasalmi 58900 62,1081 28,2654
Rantasalmi 58901 62,0595 28,3096
Rantasalmi 58910 62,0021 28,2857
Rantasalmi 58920 62,0402 28,1275
Rantasalmi 58940 62,002 28,0414
Heinävesi 79700 62,3984 28,5808
Heinävesi 79810 62,5203 28,6319
Heinävesi 79820 62,5586 28,6714
Heinävesi 79830 62,5826 28,6075
Heinävesi 79850 62,5616 28,7893
Heinävesi 79860 62,55 28,8658
Heinävesi 79885 62,4651 28,8502
Heinävesi 79895 62,4567 29,0079
Heinävesi 79910 62,3614 28,8007
Heinävesi 79940 62,3781 28,9851
Pieksämäki 00101 62,1569 27,1979
Juva 51760 61,7924 27,5929
Juva 51780 61,7346 27,7253
Juva 51810 61,8152 27,6964
Juva 51820 61,8219 27,8075
Juva 51850 61,9878 27,503
Juva 51860 62,0186 27,581
Juva 51880 61,7088 27,9087
Juva 51890 61,6313 27,9583
Juva 51900 61,8828 27,8547
Juva 51930 61,9207 28,0388
Juva 51940 61,951 28,1489
Juva 51980 61,7539 28,0594
Pieksämäki 76100 62,311 27,1602
Pieksämäki 76101 62,1579 27,1993
Pieksämäki 76120 62,304 27,18
Pieksämäki 76130 62,3065 27,1217
Pieksämäki 76150 62,2917 27,13
Pieksämäki 76280 62,3655 27,2218
Pieksämäki 76620 62,2573 27,23
Pieksämäki 76780 62,2044 27,1938
Pieksämäki 76850 62,2789 27,0488
Pieksämäki 76940 62,3723 27,1272
Pieksämäki 77110 62,3293 26,8998
Pieksämäki 77120 62,2806 26,7635
Pieksämäki 77140 62,3896 26,7673
Pieksämäki 77220 62,2152 26,9139
Pieksämäki 77240 62,1679 26,8599
Pieksämäki 77320 62,1857 27,371
Pieksämäki 77330 62,1199 27,4649
Pieksämäki 77350 62,162 27,2913
Pieksämäki 77430 62,2742 27,4067
Joroinen 77460 62,2203 27,5869
Joroinen 77480 62,1713 27,6453
Pieksämäki 77520 62,4503 27,1202
Pieksämäki 77570 62,4108 27,4269
Pieksämäki 77580 62,3613 27,5944
Joroinen 78880 62,2603 27,9067
Joroinen 79600 62,1742 27,8623
Joroinen 79620 62,2118 27,6922
Joroinen 79630 62,2453 27,749
Joroinen 79660 62,1142 27,963
Joroinen 79680 62,0992 27,7295
Joroinen 79690 62,0507 27,7265
Lapinlahti 71910 63,204 27,5003
Lapinlahti 71920 63,2596 27,4663
Lapinlahti 71960 63,2803 27,7226
Pielavesi 72400 63,255 26,7931
Pielavesi 72430 63,3514 26,8723
Pielavesi 72510 63,0893 26,6679
Pielavesi 72530 63,1259 26,7232
Pielavesi 72550 63,1906 26,6306
Pielavesi 72570 63,1979 26,5015
Keitele 72600 63,1681 26,3368
Keitele 72630 63,0459 26,4717
Pielavesi 72710 63,3799 26,6695
Pielavesi 72740 63,4088 26,4784
Pielavesi 72810 63,2652 26,5412
Pielavesi 72840 63,3646 26,3694
Keitele 72930 63,2808 26,2402
Keitele 72950 63,3418 26,2173
Keitele 72980 63,4 26,187
Lapinlahti 73100 63,3624 27,3955
Lapinlahti 73101 63,3645 27,3964
Lapinlahti 73110 63,3064 27,4537
Lapinlahti 73120 63,4207 27,3557
Lapinlahti 73200 63,3664 27,7928
Lapinlahti 73230 63,4326 27,849
Lapinlahti 73250 63,4389 27,9849
Iisalmi 74100 63,5518 27,1868
Iisalmi 74120 63,575 27,1971
Iisalmi 74130 63,551 27,2302
Iisalmi 74140 63,563 27,3766
Iisalmi 74150 63,5029 27,1098
Iisalmi 74160 63,5941 27,1195
Iisalmi 74170 63,6288 27,2148
Vieremä 74200 63,7523 27,03
Vieremä 74230 63,8201 26,9195
Vieremä 74240 63,899 26,9318
Vieremä 74250 63,956 26,8346
Vieremä 74270 63,7462 27,2118
Sonkajärvi 74300 63,6631 27,5413
Sonkajärvi 74340 63,865 27,4262
Sonkajärvi 74345 63,9097 27,5073
Sonkajärvi 74360 63,7546 27,4846
Sonkajärvi 74380 63,7725 27,8396
Sonkajärvi 74420 63,5397 27,6721
Lapinlahti 74470 63,4941 27,8919
Sonkajärvi 74490 63,594 27,8664
Iisalmi 74510 63,5156 27,2443
Iisalmi 74520 63,4923 27,2809
Iisalmi 74540 63,4432 27,1318
Iisalmi 74550 63,3879 27,0666
Vieremä 74590 63,6506 26,9415
Iisalmi 74595 63,5834 26,8904
Kiuruvesi 74610 63,6276 26,758
Kiuruvesi 74630 63,5648 26,7299
Kiuruvesi 74640 63,4938 26,7001
Kiuruvesi 74670 63,5719 26,536
Kiuruvesi 74680 63,5174 26,5765
Kiuruvesi 74700 63,6571 26,5481
Kiuruvesi 74720 63,641 26,5095
Kiuruvesi 74740 63,6852 26,3644
Kiuruvesi 74770 63,5837 26,391
Kiuruvesi 74840 63,7369 26,7617
Kiuruvesi 74940 63,8007 26,4152
Kiuruvesi 74980 63,8786 26,4366
Kuopio 70006 62,889 27,628
Kuopio 70100 62,8807 27,6928
Kuopio 70101 62,9462 27,6826
Kuopio 70110 62,8931 27,6726
Kuopio 70150 62,8869 27,6054
Kuopio 70200 62,9045 27,6397
Kuopio 70210 62,9101 27,5642
Kuopio 70211 62,8922 27,6315
Kuopio 70240 62,9134 27,6249
Kuopio 70260 62,9322 27,6206
Kuopio 70280 62,9185 27,6415
Kuopio 70300 62,8999 27,6839
Kuopio 70340 62,9137 27,6795
Kuopio 70400 62,9255 27,6887
Kuopio 70420 62,9443 27,6696
Kuopio 70460 62,9154 27,7041
Kuopio 70500 62,9017 27,7083
Kuopio 70600 62,8896 27,6526
Kuopio 70620 62,8828 27,6635
Kuopio 70700 62,8776 27,6231
Kuopio 70780 62,8526 27,6472
Kuopio 70800 62,8454 27,54
Kuopio 70820 62,8326 27,6669
Kuopio 70840 62,8406 27,7064
Kuopio 70870 62,7573 27,6238
Siilinjärvi 70900 62,9951 27,7262
Siilinjärvi 70910 62,9823 27,6876
Kuopio 70940 62,9631 27,8811
Kuopio 71130 62,9004 27,8507
Kuopio 71150 62,9415 28,0122
Kuopio 71160 62,9004 28,1495
Kuopio 71310 62,7712 28,0447
Kuopio 71330 62,7194 27,8652
Kuopio 71360 62,7552 28,2092
Kuopio 71380 62,6762 28,2896
Kuopio 71480 62,784 27,4814
Kuopio 71490 62,7489 27,3788
Kuopio 71520 62,911 27,4257
Kuopio 71570 62,8537 27,2187
Kuopio 71610 62,9643 27,3303
Kuopio 71650 62,9888 27,33
Kuopio 71660 63,057 27,2618
Kuopio 71670 63,0804 27,1697
Kuopio 71680 63,1218 27,16
Kuopio 71690 63,1454 27,0851
Kuopio 71720 63,0943 27,4109
Kuopio 71730 63,1316 27,3716
Kuopio 71740 63,1138 27,2902
Kuopio 71745 63,1601 27,2387
Kuopio 71750 63,1658 27,2941
Kuopio 71760 63,2561 27,2326
Kuopio 71775 63,2204 27,1284
Siilinjärvi 71800 63,0694 27,6542
Siilinjärvi 71801 63,1285 27,7271
Siilinjärvi 71820 63,146 27,6056
Siilinjärvi 71840 63,1293 27,7878
Siilinjärvi 71850 63,0731 27,6932
Siilinjärvi 71870 63,0761 27,6084
Siilinjärvi 71890 63,0805 27,5293
Kuopio 71950 63,2354 27,8019
Kuopio 72100 62,8962 27,0438
Kuopio 72101 62,8886 27,0184
Kuopio 72140 62,9338 27,1457
Kuopio 72490 63,1503 27,0553
Kuopio 73300 63,2016 28,1091
Kuopio 73301 63,2466 28,0082
Kuopio 73310 63,2833 28,0424
Kuopio 73320 63,1993 28,132
Kuopio 73350 63,1348 27,9935
Kuopio 73360 63,1409 27,8676
Kuopio 73410 63,0552 27,9215
Kuopio 73460 63,0197 28,2062
Kuopio 73470 62,9721 28,2551
Kuopio 73500 63,0642 28,3346
Kuopio 73710 63,1354 28,4745
Kuopio 73730 63,1501 28,626
Kuopio 73770 63,2027 28,4412
Kuopio 73810 63,3094 28,1685
Kuopio 73830 63,282 28,3385
Tuusniemi 71170 62,9265 28,3578
Tuusniemi 71200 62,8292 28,4985
Tuusniemi 71210 62,8638 28,3124
Tuusniemi 71240 62,7972 28,6614
Tuusniemi 71260 62,7676 28,4146
Tuusniemi 71280 62,6653 28,5061
Kaavi 73600 62,9827 28,5288
Kaavi 73620 63,0383 28,6981
Kaavi 73640 62,9612 28,8448
Kaavi 73645 63,0059 28,883
Kaavi 73670 62,8907 28,7733
Rautavaara 73850 63,2786 28,5312
Rautavaara 73860 63,2814 28,6016
Rautavaara 73900 63,4801 28,3359
Rautavaara 73901 63,5852 28,5719
Rautavaara 73970 63,3546 28,3247
Rautavaara 73990 63,3974 28,163
Rautavaara 75680 63,3807 28,6188
Leppävirta 71460 62,6472 27,6218
Leppävirta 71470 62,5875 27,617
Varkaus 78200 62,3102 27,8697
Varkaus 78201 62,3172 27,9007
Varkaus 78210 62,3285 27,8463
Varkaus 78250 62,3024 27,9226
Varkaus 78300 62,3321 27,8832
Varkaus 78310 62,3369 27,9191
Varkaus 78400 62,3485 27,8681
Leppävirta 78480 62,382 27,8471
Varkaus 78500 62,3044 27,9493
Varkaus 78610 62,3168 27,9905
Varkaus 78710 62,2533 28,0831
Varkaus 78850 62,303 27,847
Varkaus 78870 62,3175 27,832
Varkaus 78900 62,3168 27,7924
Leppävirta 79100 62,4909 27,8569
Leppävirta 79101 62,4972 27,958
Leppävirta 79130 62,4528 27,6616
Leppävirta 79140 62,5507 27,56
Leppävirta 79150 62,5784 27,8292
Leppävirta 79160 62,6508 27,7943
Leppävirta 79180 62,6251 27,9792
Leppävirta 79190 62,6536 28,0483
Leppävirta 79230 62,4434 28,0363
Leppävirta 79255 62,5468 28,1414
Leppävirta 79265 62,5963 28,087
Leppävirta 79330 62,4928 28,2589
Leppävirta 79350 62,5627 28,3224
Leppävirta 79410 62,3909 28,2011
Varkaus 79480 62,289 28,2727
Varkaus 79520 62,2291 28,5241
Tervo 71640 63,0382 26,982
Tervo 72210 62,9637 26,7499
Tervo 72220 62,8489 26,7327
Vesanto 72300 62,9074 26,4287
Vesanto 72310 62,9581 26,5265
Vesanto 72330 62,8673 26,5871
Vesanto 72350 62,8861 26,2697
Vesanto 72360 62,8167 26,3494
Vesanto 72380 62,9149 26,1438
Suonenjoki 77600 62,631 27,1363
Suonenjoki 77630 62,662 27,3657
Suonenjoki 77690 62,4932 27,2154
Rautalampi 77700 62,6185 26,7608
Rautalampi 77770 62,4994 26,6693
Suonenjoki 77800 62,6682 27,0124
Rautalampi 77910 62,6995 26,8733
Rautalampi 77930 62,7729 26,6402
Rautalampi 77960 62,696 26,5909
Joensuu 80100 62,6143 29,7768
Joensuu 80101 62,5947 29,8359
Joensuu 80110 62,6001 29,738
Joensuu 80130 62,6138 29,7455
Joensuu 80140 62,6259 29,6873
Joensuu 80160 62,6192 29,8247
Joensuu 80170 62,6199 29,8564
Joensuu 80200 62,5931 29,788
Joensuu 80210 62,5915 29,7778
Joensuu 80220 62,5836 29,7686
Joensuu 80230 62,5772 29,8052
Joensuu 80260 62,599 29,8253
Joensuu 80330 62,5387 29,8333
Liperi 80400 62,6138 29,5492
Kontiolahti 80510 62,6976 29,6401
Kontiolahti 80710 62,6685 29,8104
Kontiolahti 80770 62,7434 29,8586
Kontiolahti 80780 62,7473 29,8062
Kontiolahti 80790 62,7376 29,8113
Kontiolahti 80850 62,6956 29,913
Kontiolahti 80910 62,6245 29,9275
Kontiolahti 81100 62,79 29,8405
Kontiolahti 81120 62,8584 29,7893
Kontiolahti 81160 62,9592 29,7898
Joensuu 81200 62,7999 30,1619
Joensuu 81210 62,7994 30,0986
Kontiolahti 81220 62,7384 29,9845
Kontiolahti 81230 62,7116 30,0918
Kontiolahti 81235 62,6358 30,1364
Joensuu 81260 62,9515 30,0668
Joensuu 81270 62,8703 30,2001
Joensuu 81280 62,9111 30,2712
Joensuu 81281 62,913 30,2346
Joensuu 81290 62,9651 30,192
Joensuu 81295 62,9918 30,1181
Joensuu 81320 62,7251 30,4537
Joensuu 81330 62,7834 30,4581
Ilomantsi 81350 62,736 30,6114
Joensuu 81360 62,6868 30,3246
Joensuu 81390 62,6418 30,5049
Ilomantsi 81420 62,9051 30,6326
Ilomantsi 81430 62,9728 30,5758
Ilomantsi 81450 62,8623 30,7601
Ilomantsi 81460 62,9566 30,9024
Ilomantsi 81470 63,0313 31,029
Joensuu 82110 62,5651 30,1462
Joensuu 82120 62,5874 30,284
Joensuu 82140 62,472 30,2706
Joensuu 82160 62,4472 30,4777
Joensuu 82170 62,3767 30,46
Joensuu 82180 62,4214 30,379
Joensuu 82200 62,4365 29,9838
Joensuu 82210 62,4722 29,8974
Joensuu 82220 62,5108 29,8783
Joensuu 82710 62,556 30,5539
Joensuu 82730 62,4835 30,6252
Joensuu 82750 62,3716 30,753
Joensuu 82760 62,3154 30,8464
Joensuu 82815 62,5854 30,679
Ilomantsi 82820 62,5987 30,8189
Ilomantsi 82830 62,5459 30,9487
Joensuu 82840 62,5074 30,8195
Joensuu 82850 62,4993 30,7563
Joensuu 82865 62,4538 30,8228
Joensuu 82870 62,3925 30,871
Joensuu 82880 62,3729 30,9425
Ilomantsi 82900 62,6621 30,9935
Ilomantsi 82915 62,7234 30,7605
Ilomantsi 82960 62,774 31,2119
Ilomantsi 82967 62,9408 31,2705
Ilomantsi 82980 62,6464 31,2778
Liperi 83100 62,4964 29,3575
Liperi 83130 62,5777 29,471
Liperi 83140 62,5364 29,5288
Liperi 83150 62,4806 29,5567
Liperi 83160 62,4287 29,6412
Liperi 83320 62,5764 29,1841
Liperi 83330 62,5426 29,1398
Liperi 83340 62,602 29,1705
Liperi 83400 62,6302 29,2299
Liperi 83430 62,6425 29,373
Liperi 83450 62,6803 29,4759
Liperi 83460 62,6879 29,5552
Liperi 83480 62,6658 29,1324
Outokumpu 83500 62,7196 29,0053
Outokumpu 83550 62,7778 29,1801
Outokumpu 83630 62,6914 28,859
Outokumpu 83660 62,7513 28,75
Polvijärvi 83700 62,8642 29,3765
Polvijärvi 83720 62,7884 29,4828
Polvijärvi 83750 62,7335 29,4253
Polvijärvi 83760 62,7718 29,3336
Polvijärvi 83780 62,8261 29,2476
Polvijärvi 83825 62,855 29,5567
Polvijärvi 83830 62,9086 29,1311
Polvijärvi 83835 62,95 29,5607
Polvijärvi 83840 62,8838 29,0508
Polvijärvi 83855 63,0384 29,4503
Juuka 83870 63,1368 29,2102
Juuka 83880 63,0943 28,9582
Juuka 83900 63,2559 29,1945
Juuka 83901 63,2513 29,1251
Juuka 83910 63,2952 29,4718
Juuka 83915 63,3513 29,1597
Juuka 83940 63,1782 29,4777
Juuka 83950 63,0714 29,6128
Juuka 83985 63,0426 29,5513
Kitee 58350 62,0613 29,5659
Kitee 59800 61,8963 29,8407
Kitee 59810 61,8745 29,6987
Kitee 59820 61,8065 29,706
Rääkkylä 82290 62,3398 29,8617
Rääkkylä 82300 62,2895 29,6086
Rääkkylä 82310 62,343 29,4707
Rääkkylä 82335 62,2373 29,7715
Tohmajärvi 82350 62,3596 30,0959
Tohmajärvi 82360 62,3067 30,0897
Kitee 82380 62,1601 29,9736
Kitee 82395 62,1806 30,1772
Kitee 82430 62,0843 29,832
Kitee 82460 62,0774 29,6814
Kitee 82490 62,1654 29,5241
Kitee 82500 62,0836 30,1669
Kitee 82510 62,0552 30,2615
Kitee 82580 61,976 30,1029
Kitee 82590 61,8977 30,1319
Tohmajärvi 82600 62,234 30,3575
Tohmajärvi 82655 62,2178 30,6027
Tohmajärvi 82660 62,1946 30,4482
Tohmajärvi 82670 62,1728 30,5245
Tohmajärvi 82675 62,1763 30,5994
Tohmajärvi 82685 62,1269 30,4025
Tohmajärvi 82770 62,2616 30,7427
Nurmes 75500 63,5637 29,1614
Nurmes 75530 63,5396 29,0938
Nurmes 75650 63,5202 28,8966
Valtimo 75700 63,6913 28,8205
Valtimo 75710 63,6113 28,8817
Valtimo 75740 63,6199 28,7096
Valtimo 75770 63,7464 28,6414
Valtimo 75790 63,8055 28,5799
Valtimo 75840 63,7102 28,8738
Nurmes 75890 63,7182 29,199
Nurmes 75930 63,7352 29,3565
Nurmes 75940 63,8297 29,4572
Nurmes 75970 63,4952 29,3114
Nurmes 75990 63,4559 29,4563
Lieksa 81560 63,1453 30,0979
Lieksa 81570 63,0706 30,0772
Lieksa 81590 63,145 29,9885
Lieksa 81650 63,2587 30,6046
Lieksa 81660 63,3163 30,6335
Lieksa 81700 63,3105 30,0446
Lieksa 81701 63,3156 30,0329
Lieksa 81720 63,2815 30,0408
Lieksa 81750 63,3485 30,214
Lieksa 81810 63,3464 29,8643
Lieksa 81820 63,3243 29,7437
Lieksa 81850 63,42 29,6115
Lieksa 81860 63,5025 29,6544
Lieksa 81950 63,43 30,0892
Lieksa 81970 63,5469 30,02
Lieksa 83960 63,1403 29,7815
Jyväskylä 40100 62,2427 25,7517
Jyväskylä 40101 62,2874 25,7406
Jyväskylä 40200 62,2657 25,7338
Jyväskylä 40250 62,2753 25,7601
Jyväskylä 40270 62,3017 25,6995
Jyväskylä 40320 62,2663 25,7891
Jyväskylä 40340 62,2716 25,8101
Jyväskylä 40350 62,2913 25,8026
Jyväskylä 40400 62,2449 25,798
Jyväskylä 40420 62,2407 25,8303
Jyväskylä 40500 62,2161 25,7086
Jyväskylä 40520 62,2195 25,7759
Jyväskylä 40530 62,1874 25,7179
Jyväskylä 40600 62,2294 25,7191
Jyväskylä 40620 62,2303 25,7073
Jyväskylä 40630 62,2406 25,6904
Jyväskylä 40640 62,2271 25,673
Jyväskylä 40660 62,2667 25,609
Jyväskylä 40700 62,2417 25,7241
Jyväskylä 40720 62,2466 25,7343
Jyväskylä 40740 62,2583 25,7049
Jyväskylä 40800 62,2472 25,8819
Jyväskylä 40801 62,2417 25,8793
Jyväskylä 40820 62,2146 25,8391
Jyväskylä 40900 62,1285 25,7639
Muurame 40930 62,1615 25,7505
Muurame 40950 62,1316 25,6499
Muurame 40951 62,1454 25,6571
Jyväskylä 41120 62,3456 25,6927
Jyväskylä 41140 62,3781 25,5577
Jyväskylä 41160 62,3866 25,6557
Jyväskylä 41161 62,4047 25,6753
Laukaa 41180 62,4398 25,6772
Uurainen 41210 62,4446 25,5135
Uurainen 41220 62,4259 25,3682
Uurainen 41230 62,4893 25,4225
Uurainen 41240 62,47 25,2821
Uurainen 41290 62,5134 25,6364
Laukaa 41310 62,3249 25,8518
Laukaa 41325 62,3791 26,0578
Laukaa 41330 62,36 25,9147
Laukaa 41340 62,4042 25,9618
Laukaa 41350 62,4267 25,885
Laukaa 41360 62,4707 25,8266
Laukaa 41370 62,4528 26,0389
Laukaa 41390 62,5075 26,0625
Laukaa 41400 62,2728 26,1688
Toivakka 41410 62,1729 26,2378
Toivakka 41440 62,1999 26,1668
Jyväskylä 41450 62,2284 25,9817
Hankasalmi 41490 62,2814 26,3462
Hankasalmi 41500 62,301 26,488
Hankasalmi 41520 62,3988 26,4816
Hankasalmi 41530 62,3759 26,3465
Hankasalmi 41540 62,4632 26,2987
Hankasalmi 41550 62,5302 26,2458
Hankasalmi 41560 62,4723 26,5047
Hankasalmi 41580 62,3394 26,597
Jyväskylä 41630 62,1495 25,8856
Toivakka 41660 62,0952 26,0517
Jyväskylä 41800 62,0115 25,5626
Jyväskylä 41820 61,9777 25,3863
Jyväskylä 41840 62,1053 25,4037
Jyväskylä 41860 62,1514 25,4825
Jyväskylä 41870 61,8921 25,6641
Jyväskylä 41880 61,9714 25,7618
Petäjävesi 41900 62,2561 25,1827
Petäjävesi 41920 62,2815 25,3415
Petäjävesi 41925 62,3467 25,342
Jyväskylä 41930 62,257 25,4479
Jyväskylä 41940 62,2706 25,5136
Petäjävesi 41980 62,3563 25,2059
Joutsa 19650 61,7358 26,2127
Joutsa 19670 61,8535 26,3176
Luhanka 19910 61,8157 25,7941
Joutsa 19920 61,8096 25,9639
Luhanka 19950 61,7659 25,6296
Joutsa 41710 61,9857 25,9968
Joutsa 41730 61,9059 25,9694
Joutsa 41750 61,994 26,2743
Joutsa 41770 61,9245 26,1149
Keuruu 41970 62,2569 25,0167
Keuruu 42520 62,2592 24,909
Keuruu 42560 62,1794 24,797
Multia 42600 62,4215 24,8161
Multia 42660 62,5114 25,1308
Keuruu 42700 62,2562 24,7053
Keuruu 42701 62,2353 24,7213
Keuruu 42720 62,2202 24,6671
Keuruu 42800 62,2433 24,4289
Keuruu 42820 62,2009 24,3673
Keuruu 42910 62,3712 24,3244
Keuruu 42930 62,3155 24,1734
Multia 43430 62,5944 24,6056
Kuhmoinen 17780 61,4844 25,1195
Kuhmoinen 17800 61,58 25,1581
Kuhmoinen 17801 61,5633 25,1701
Kuhmoinen 17840 61,6868 25,2721
Kuhmoinen 17850 61,6848 25,3882
Kuhmoinen 17870 61,5887 25,3911
Kuhmoinen 17930 61,6037 24,8941
Kuhmoinen 17950 61,6591 25,0603
Kuhmoinen 17970 61,709 25,12
Jämsä 35400 61,7427 24,8378
Jämsä 35600 61,868 24,8179
Jämsä 35601 61,9114 24,9157
Jämsä 35610 61,8894 24,6794
Jämsä 35630 61,9203 24,7748
Jämsä 35820 61,9817 24,7534
Jämsä 42100 61,8631 25,209
Jämsä 42140 61,9592 25,3279
Jämsä 42220 61,8192 25,2256
Jämsä 42300 61,9289 25,1648
Jämsä 42301 61,916 25,1652
Jämsä 42330 62,0028 25,1124
Jämsä 42440 62,0972 25,108
Enekoski 44100 62,6057 25,7163
Enekoski 44101 62,6001 25,7373
Enekoski 44120 62,6205 25,7235
Enekoski 44150 62,6425 25,6871
Enekoski 44160 62,5686 25,6549
Enekoski 44170 62,6031 25,579
Enekoski 44190 62,6442 25,5149
Enekoski 44200 62,5708 25,844
Enekoski 44201 62,5739 25,8406
Enekoski 44220 62,5977 25,8429
Enekoski 44250 62,5279 25,7359
Enekoski 44260 62,6563 25,9217
Enekoski 44280 62,6927 26,025
Konnevesi 44300 62,6197 26,2812
Konnevesi 44320 62,5652 26,4474
Konnevesi 44330 62,5584 26,175
Konnevesi 44350 62,688 26,4691
Konnevesi 44370 62,7907 26,185
Enekoski 44400 62,779 25,8429
Enekoski 44420 62,7278 25,8048
Enekoski 44440 62,8297 25,8158
Enekoski 44460 62,864 25,8722
Saarijärvi 41260 62,5786 25,318
Saarijärvi 41270 62,5948 25,4111
Saarijärvi 43100 62,6995 25,2794
Saarijärvi 43130 62,6616 25,3012
Saarijärvi 43170 62,7955 25,5098
Saarijärvi 43220 62,6336 25,0135
Saarijärvi 43240 62,7282 25,0204
Saarijärvi 43250 62,736 25,1602
Saarijärvi 43270 62,803 25,0238
Kannonkoski 43300 62,9896 25,2885
Kannonkoski 43340 62,8925 25,2394
Kivijärvi 43390 63,1217 25,2443
Saarijärvi 43420 62,6176 24,7457
Saarijärvi 43440 62,6877 24,7813
Saarijärvi 43480 62,7592 24,8314
Karstula 43490 62,7793 24,5961
Karstula 43500 62,8727 24,8027
Karstula 43520 62,964 24,7098
Karstula 43540 62,8621 24,6849
Karstula 43560 62,8801 24,5189
Karstula 43610 62,896 25,096
Karstula 43640 62,9106 24,8971
Karstula 43660 62,9557 25,0049
Kyyjärvi 43700 63,0539 24,5573
Kyyjärvi 43701 63,0484 24,5748
Kyyjärvi 43720 63,076 24,7605
Kivijärvi 43800 63,1298 25,0646
Kivijärvi 43840 63,0447 25,0952
Kinnula 43900 63,358 24,9765
Kinnula 43940 63,2996 25,0953
Kinnula 43960 63,2694 25,1444
Viitasaari 44480 62,9207 25,8741
Viitasaari 44500 63,0828 25,8145
Viitasaari 44501 63,0795 25,8704
Viitasaari 44530 62,9761 25,9063
Viitasaari 44580 63,0648 25,5335
Viitasaari 44590 62,9863 25,5573
Viitasaari 44610 63,2136 25,8884
Viitasaari 44630 63,2182 26,0234
Viitasaari 44640 63,1032 25,9668
Viitasaari 44670 63 26,0679
Viitasaari 44680 63,0535 26,1467
Viitasaari 44730 63,2356 25,663
Viitasaari 44740 63,194 25,5987
Viitasaari 44760 63,1328 25,5335
Viitasaari 44770 63,1726 25,3819
Viitasaari 44790 63,2098 25,4233
Pihtipudas 44800 63,3604 25,5812
Pihtipudas 44860 63,4423 25,3769
Pihtipudas 44880 63,5405 25,2809
Pihtipudas 44910 63,4832 25,6514
Pihtipudas 44920 63,4433 25,744
Pihtipudas 44950 63,334 25,781
Pihtipudas 44970 63,3644 25,9587
Kauhajoki 61800 62,4167 22,1756
Kauhajoki 61810 62,4701 22,129
Kauhajoki 61820 62,4749 22,0386
Teuva 61840 62,5661 22,0126
Kauhajoki 61850 62,454 22,2534
Kauhajoki 61860 62,5067 22,2859
Kauhajoki 61880 62,4004 22,571
Kauhajoki 61910 62,2982 22,4545
Kauhajoki 61920 62,2351 22,4981
Kauhajoki 61940 62,3197 22,2573
Kauhajoki 61950 62,2737 22,2733
Kauhajoki 61960 62,1749 22,2797
Kauhajoki 61980 62,338 22,0531
Karijoki 64350 62,301 21,7695
Karijoki 64370 62,3813 21,5822
Teuva 64700 62,4798 21,7508
Teuva 64720 62,4525 21,6209
Teuva 64740 62,5965 21,634
Teuva 64760 62,5 21,8428
Teuva 64770 62,4808 21,9285
Isojoki 64810 62,191 21,7992
Isojoki 64820 62,1108 21,7029
Isojoki 64830 62,1633 21,8864
Isojoki 64840 62,1822 21,9193
Isojoki 64850 62,182 22,0003
Isojoki 64900 62,1027 21,9406
Isojoki 64930 62,0604 22,0636
Seinäjoki 60060 62,8429 22,954
Seinäjoki 60100 62,7823 22,8565
Seinäjoki 60101 62,7652 22,8636
Seinäjoki 60110 62,5424 23,1452
Seinäjoki 60120 62,797 22,8585
Seinäjoki 60150 62,767 22,886
Seinäjoki 60200 62,7521 22,8559
Seinäjoki 60220 62,7766 22,826
Seinäjoki 60280 62,7314 22,8615
Seinäjoki 60320 62,7862 22,7881
Seinäjoki 60420 62,8241 22,7873
Ilmajoki 60450 62,8376 22,7083
Seinäjoki 60510 62,7999 22,9042
Seinäjoki 60550 62,8296 22,9253
Seinäjoki 60560 62,8683 22,751
Seinäjoki 60640 62,77 23,0564
Ilmajoki 60720 62,7548 22,6982
Ilmajoki 60760 62,6876 22,7678
Ilmajoki 60800 62,7359 22,572
Seinäjoki 61100 62,5543 23,0829
Seinäjoki 61110 62,609 23,0036
Seinäjoki 61120 62,6424 22,9296
Seinäjoki 61140 62,6191 23,1585
Seinäjoki 61160 62,6915 23,0951
Seinäjoki 61180 62,5731 23,207
Kurikka 61220 62,5918 22,4798
Kurikka 61230 62,5871 22,5542
Kurikka 61250 62,5499 22,638
Kurikka 61270 62,5803 22,7524
Kurikka 61280 62,5171 22,6711
Kurikka 61290 62,5605 22,8826
Kurikka 61300 62,6179 22,387
Kurikka 61310 62,6628 22,3926
Ilmajoki 61330 62,6905 22,4543
Ilmajoki 61340 62,7195 22,2649
Ilmajoki 61350 62,7544 22,3858
Kurikka 61360 62,575 22,3237
Kurikka 61370 62,5481 22,2912
Kurikka 61380 62,5792 22,1469
Seinäjoki 61400 62,9521 22,5292
Seinäjoki 61401 62,9032 22,592
Seinäjoki 61410 62,9028 22,5597
Seinäjoki 61430 62,9426 22,4523
Seinäjoki 61440 63,0512 22,6044
Seinäjoki 61450 62,9811 22,6493
Seinäjoki 61460 62,9571 22,7425
Seinäjoki 61470 62,9036 22,7963
Kurikka 61600 62,4913 22,7708
Kurikka 61630 62,4853 22,9042
Kurikka 61640 62,4494 23,0069
Seinäjoki 61650 62,4598 23,136
Kurikka 61680 62,4425 22,7578
Kurikka 61710 62,4081 22,7888
Kurikka 61720 62,3398 22,8648
Kurikka 61730 62,3632 22,9966
Kurikka 61760 62,3373 22,7199
Lapua 62100 62,9665 23,0187
Lapua 62130 63,0304 22,8462
Kauhava 62150 63,076 22,8533
Lapua 62160 62,9461 23,1468
Lapua 62165 62,9086 23,2495
Lapua 62170 62,9163 23,359
Lapua 62175 62,8572 23,2824
Lapua 62185 62,8815 23,201
Lapua 62190 62,9074 22,9848
Kauhava 62200 63,105 23,0579
Kauhava 62201 63,1031 23,0423
Kauhava 62220 63,0983 22,9478
Kauhava 62230 63,1197 23,1431
Kauhava 62240 63,1212 23,263
Kauhava 62260 63,0672 23,2323
Lapua 62280 63,0099 23,197
Lapua 62290 62,9862 23,3176
Lapua 62295 63,0222 23,4488
Kauhava 62300 63,2306 22,845
Kauhava 62310 63,2899 22,7867
Kauhava 62340 63,223 22,6597
Kauhava 62350 63,3313 22,7584
Kauhava 62370 63,1614 22,8274
Kauhava 62375 63,1392 22,7855
Kauhava 62380 63,0879 22,7667
Kauhava 62410 63,2181 23,1319
Kauhava 62420 63,2986 23,1562
Kauhava 62430 63,323 23,0682
Kauhava 62435 63,2856 23,0162
Kauhava 62440 63,3125 22,9328
Kauhava 62470 63,2713 23,2933
Kurikka 66300 62,6933 21,9815
Kurikka 66301 62,6936 21,9793
Kurikka 66320 62,7197 21,9121
Kurikka 66330 62,7423 21,8459
Kurikka 66340 62,8172 21,7976
Kurikka 66350 62,7287 22,1026
Kurikka 66360 62,6437 21,8858
Kurikka 66370 62,6594 21,7659
Alavus 61150 62,6917 23,2328
Alavus 61170 62,6539 23,2806
Kuortane 63100 62,8083 23,5141
Kuortane 63101 62,7886 23,6064
Kuortane 63120 62,7878 23,6445
Kuortane 63130 62,778 23,4772
Kuortane 63150 62,8527 23,4914
Kuortane 63160 62,8625 23,4023
Alavus 63210 62,6535 23,3983
Kuortane 63230 62,692 23,5467
Kuortane 63250 62,7205 23,5054
Alavus 63300 62,5692 23,6219
Alavus 63320 62,4809 23,7746
Alavus 63330 62,4977 23,6278
Alavus 63340 62,4387 23,642
Alavus 63350 62,451 23,5396
Alavus 63355 62,424 23,4244
Alavus 63360 62,5554 23,4703
Alavus 63370 62,5585 23,3692
Alavus 63400 62,6233 23,5952
Alavus 63410 62,6447 23,633
Alavus 63430 62,7048 23,675
Kuortane 63450 62,7509 23,7655
Alavus 63600 62,6472 23,8226
Alavus 63610 62,5903 23,7665
Alavus 63640 62,7008 23,9013
Ähtäri 63660 62,7026 24,0227
Alavus 63680 62,5971 23,9081
Ähtäri 63700 62,5683 24,0804
Ähtäri 63701 62,5501 24,0579
Ähtäri 63770 62,4901 23,9421
Ähtäri 63780 62,4432 23,9716
Ähtäri 63900 62,5517 24,3156
Ähtäri 63910 62,5066 24,1633
Ähtäri 63920 62,5747 24,2141
Ähtäri 63950 62,6745 24,479
Evijärvi 62500 63,3876 23,4679
Evijärvi 62510 63,364 23,4547
Evijärvi 62520 63,3304 23,4322
Evijärvi 62540 63,4257 23,3322
Evijärvi 62570 63,3671 23,6139
Lappajärvi 62600 63,2121 23,6276
Lappajärvi 62610 63,2047 23,5646
Lappajärvi 62620 63,1824 23,5484
Lappajärvi 62630 63,1265 23,5574
Lappajärvi 62640 63,0616 23,6154
Lappajärvi 62660 63,2338 23,7419
Alajärvi 62710 63,0224 23,6918
Alajärvi 62720 63,0171 23,6406
Alajärvi 62730 63,0319 23,678
Alajärvi 62740 62,9812 23,7637
Alajärvi 62750 62,9403 23,7395
Alajärvi 62760 62,9557 23,5399
Vimpeli 62800 63,1579 23,8292
Vimpeli 62810 63,152 24,0301
Alajärvi 62830 63,0793 23,8468
Vimpeli 62840 63,1252 23,7875
Vimpeli 62860 63,1828 23,7779
Vimpeli 62870 63,2107 23,9276
Vimpeli 62880 63,2204 23,9807
Alajärvi 62900 63,0105 23,8689
Alajärvi 62920 62,9743 23,9468
Alajärvi 62940 63,0281 23,8825
Alajärvi 62950 63,0729 23,9352
Alajärvi 62990 63,0365 24,2365
Alajärvi 63500 62,8209 23,9725
Alajärvi 63510 62,7739 23,9541
Alajärvi 63530 62,8505 23,7953
Alajärvi 63540 62,8413 23,9371
Soini 63800 62,8592 24,2325
Soini 63830 62,9763 24,213
Soini 63880 62,7797 24,1039
Soini 63890 62,7443 24,1589
Isokyrö 61500 62,9961 22,3219
Isokyrö 61520 63,0737 22,4869
Isokyrö 61550 62,9517 22,3882
Isokyrö 61560 62,8908 22,3687
Laihia 66400 62,9769 22,0123
Laihia 66420 62,9867 21,9026
Laihia 66430 62,9864 22,0553
Isokyrö 66440 63,0048 22,1892
Laihia 66450 62,9204 22,0388
Laihia 66460 62,8944 22,0616
Laihia 66470 62,8439 22,1971
Vörå 62395 63,1246 22,619
Vaasa 65100 63,0941 21,6236
Vaasa 65101 63,1216 21,5166
Vaasa 65130 63,0852 21,6162
Vaasa 65170 63,0907 21,569
Vaasa 65200 63,1117 21,596
Vaasa 65230 63,1215 21,6177
Vaasa 65280 63,1367 21,5612
Vaasa 65300 63,1079 21,6555
Korsholm 65301 63,23 21,5249
Vaasa 65320 63,092 21,6826
Vaasa 65350 63,0777 21,6557
Vaasa 65370 63,0931 21,7195
Vaasa 65380 63,0713 21,7319
Vaasa 65410 63,0454 21,5112
Korsholm 65450 63,0063 21,6549
Korsholm 65460 63,0181 21,6953
Korsholm 65470 62,9537 21,7678
Korsholm 65480 63,0275 21,7396
Korsholm 65520 63,0285 21,819
Korsholm 65610 63,1204 21,6874
Korsholm 65630 63,1682 21,6954
Korsholm 65650 63,1922 21,7193
Korsholm 65710 63,164 21,6432
Korsholm 65730 63,2036 21,6121
Korsholm 65760 63,2275 21,5744
Korsholm 65800 63,2365 21,3945
Korsholm 65870 63,3415 21,2895
Korsholm 65920 63,2067 21,2991
Korsholm 65930 63,1813 21,2565
Korsholm 65970 63,2843 21,1518
Malax 66100 62,9623 21,4727
Malax 66140 62,9105 21,6194
Malax 66160 62,8865 21,7273
Korsnäs 66200 62,7915 21,1822
Korsnäs 66210 62,8788 21,2522
Malax 66220 62,9804 21,1327
Korsnäs 66230 62,7916 21,2893
Malax 66240 62,861 21,409
Malax 66260 62,799 21,6787
Korsnäs 66280 62,729 21,2779
Korsnäs 66290 62,7124 21,1554
Vaasa 66500 63,0588 22,0948
Vaasa 66510 63,0717 21,9509
Korsholm 66520 63,0941 21,8854
Korsholm 66530 63,1655 21,8358
Korsholm 66540 63,2464 21,7778
Korsholm 66550 63,2262 21,8584
Korsholm 66560 63,2408 21,8942
Korsholm 66580 63,1591 21,963
Korsholm 66590 63,1836 22,0011
Vörå 66600 63,1496 22,255
Vörå 66640 63,2976 22,03
Vörå 66660 63,2339 22,1982
Vörå 66680 63,1326 22,5179
Vörå 66710 63,2856 22,2187
Vörå 66730 63,3073 22,211
Vörå 66800 63,3053 22,3546
Vörå 66810 63,2499 22,4455
Vörå 66820 63,1958 22,5247
Vörå 66830 63,3201 22,4081
Korsholm 66999 63,29 21,6497
Kristinestad 64100 62,2631 21,3796
Kristinestad 64101 62,0904 21,606
Kristinestad 64140 62,3106 21,4582
Närpes 64200 62,4735 21,355
Närpes 64201 62,4802 21,3718
Närpes 64210 62,4548 21,2452
Närpes 64220 62,5469 21,4199
Närpes 64230 62,4724 21,3658
Närpes 64240 62,4119 21,3386
Närpes 64250 62,3637 21,3552
Kaskinen 64260 62,3765 21,224
Kristinestad 64300 62,2465 21,5105
Kristinestad 64320 62,2269 21,6523
Kristinestad 64440 62,0745 21,5179
Kristinestad 64450 62,03 21,5332
Kristinestad 64460 62,167 21,4138
Kristinestad 64480 62,1332 21,3304
Kristinestad 64490 62,0169 21,3256
Närpes 64510 62,5023 21,1794
Närpes 64530 62,5659 21,1754
Närpes 64550 62,6132 21,2217
Närpes 64610 62,6297 21,4765
Närpes 66270 62,7082 21,6201
Närpes 66295 62,6488 21,148
Nykarleby 66840 63,3468 22,5619
Nykarleby 66850 63,4001 22,6566
Nykarleby 66900 63,518 22,5255
Nykarleby 66901 63,5677 22,5748
Nykarleby 66910 63,5886 22,5205
Nykarleby 66930 63,5347 22,6973
Nykarleby 66950 63,477 22,4002
Nykarleby 66970 63,4373 22,2937
Nykarleby 66980 63,3819 22,343
Kronoby 68410 63,6991 23,3757
Kronoby 68500 63,7193 23,0226
Pedersöre 68530 63,6872 22,8554
Larsmo 68555 63,844 22,8238
Larsmo 68560 63,8191 22,7314
Larsmo 68570 63,7484 22,7284
Larsmo 68580 63,7104 22,7559
Jakobstad 68600 63,6747 22,7193
Jakobstad 68601 63,6943 22,7135
Jakobstad 68620 63,6764 22,6384
Jakobstad 68630 63,6605 22,6782
Jakobstad 68660 63,6886 22,7454
Pedersöre 68690 63,5914 22,6337
Kronoby 68700 63,5345 23,515
Kronoby 68750 63,436 23,6233
Pedersöre 68800 63,6227 22,8953
Pedersöre 68810 63,6237 22,9967
Pedersöre 68820 63,5925 23,0568
Pedersöre 68830 63,6253 23,1159
Pedersöre 68840 63,5152 23,2379
Pedersöre 68870 63,6343 22,8516
Pedersöre 68910 63,6057 22,7852
Pedersöre 68920 63,5704 22,8666
Pedersöre 68930 63,5217 22,9726
Pedersöre 68940 63,471 23,0416
Pedersöre 68970 63,4002 23,0238
Toholampi 69300 63,7683 24,2701
Toholampi 69310 63,8173 24,1598
Toholampi 69330 63,7237 24,2904
Toholampi 69340 63,6817 24,3477
Toholampi 69410 63,6203 24,3943
Lestijärvi 69420 63,5778 24,4801
Lestijärvi 69440 63,5281 24,7075
Lestijärvi 69450 63,478 24,8027
Halsua 69510 63,4668 24,1734
Halsua 69550 63,4672 24,4154
Halsua 69570 63,4048 24,2061
Kaustinen 69600 63,5693 23,6893
Kaustinen 69660 63,5677 23,9347
Veteli 69700 63,466 23,8011
Veteli 69730 63,4965 23,7646
Veteli 69750 63,4252 23,9729
Veteli 69820 63,3803 23,8092
Veteli 69830 63,3497 23,995
Veteli 69850 63,3166 23,9048
Perho 69910 63,31 24,1494
Perho 69920 63,2484 24,263
Perho 69950 63,2246 24,4289
Perho 69970 63,3244 24,6287
Perho 69980 63,1871 24,5589
Kokkola 67100 63,8388 23,133
Kokkola 67101 63,8484 23,081
Kokkola 67200 63,8472 23,1106
Kokkola 67300 63,8618 23,1308
Kokkola 67400 63,8579 23,1734
Kokkola 67410 63,8564 23,2371
Kokkola 67500 63,7737 23,2381
Kokkola 67600 63,8236 23,1852
Kokkola 67700 63,8196 23,1329
Kokkola 67800 63,8251 23,0591
Kokkola 67900 63,8412 23,0536
Kokkola 68210 63,9416 23,4371
Kokkola 68220 63,9865 23,4084
Kokkola 68230 64,027 23,508
Kokkola 68240 64,0249 23,6192
Kokkola 68300 63,8531 23,4682
Kokkola 68320 63,9119 23,3204
Kokkola 68370 63,7126 23,8843
Kokkola 68380 63,6308 24,0476
Kokkola 68390 63,614 24,0262
Kokkola 68550 63,8358 22,9167
Kokkola 68999 63,7788 23,4309
Kannus 69100 63,9098 23,9189
Kannus 69150 63,9132 24,162
Kannus 69170 63,8739 24,0381
Oulu 90015 65,0139 25,4694
Oulu 90029 65,0095 25,5196
Oulu 90100 65,0121 25,4722
Oulu 90120 65,0043 25,4554
Oulu 90130 65,0137 25,4915
Oulu 90140 65,0017 25,4926
Oulu 90150 64,9881 25,4932
Oulu 90220 65,0076 25,5183
Oulu 90230 65,0061 25,5361
Oulu 90240 64,9827 25,5736
Oulu 90250 64,9891 25,518
Oulu 90310 64,9489 25,6724
Oulu 90400 64,9943 25,457
Oulu 90410 64,9636 25,5139
Oulu 90420 64,9526 25,5555
Kempele 90440 64,9132 25,4982
Kempele 90441 64,9227 25,5083
Kempele 90450 64,906 25,5647
Oulu 90460 64,9424 25,3854
Oulu 90470 64,9762 25,2974
Hailuoto 90480 65,022 24,7522
Oulu 90500 65,0259 25,4786
Oulu 90510 65,0274 25,4252
Oulu 90520 65,0434 25,439
Oulu 90530 65,0348 25,4754
Oulu 90540 65,0779 25,4778
Oulu 90550 65,0419 25,495
Oulu 90560 65,047 25,4481
Oulu 90570 65,0544 25,4779
Oulu 90580 65,0651 25,4217
Oulu 90590 65,0593 25,4494
Oulu 90600 65,0415 25,5383
Oulu 90620 65,045 25,5521
Oulu 90630 65,0408 25,5933
Oulu 90650 65,0174 25,5562
Oulu 90660 64,9611 25,7549
Oulu 90670 65,0024 25,6097
Oulu 90800 65,0875 25,4085
Oulu 90810 65,1198 25,3102
Oulu 90820 65,131 25,3688
Oulu 90830 65,1799 25,3496
Oulu 90840 65,193 25,4809
Oulu 90850 65,213 25,3141
Oulu 90860 65,2374 25,3485
Oulu 90900 65,1319 25,805
Oulu 90901 65,1476 25,6993
Oulu 90910 65,1503 25,6407
Oulu 90940 65,0849 25,6887
Oulu 91200 65,3743 25,8095
Oulu 91210 65,3062 25,628
Oulu 91240 65,4893 26,0252
Oulu 91260 65,3506 26,0936
Oulu 91300 65,0318 26,2217
Oulu 91310 65,1894 26,1275
Muhos 91410 64,8855 25,8698
Muhos 91430 64,8375 26,0508
Muhos 91500 64,8176 26,0221
Muhos 91510 64,8715 25,8567
Muhos 91560 64,6287 26,1675
Muhos 91670 64,5966 26,4537
Tyrnävä 91800 64,7725 25,6829
Liminka 91900 64,7991 25,414
Liminka 91910 64,8602 25,4652
Liminka 91930 64,7717 25,5315
Tyrnävä 91950 64,6654 25,6123
Lumijoki 91980 64,8479 25,166
Ii 91100 65,3219 25,3538
Ii 91110 65,3209 25,462
Ii 91140 65,4621 25,3773
Ii 91150 65,5282 25,582
Utajärvi 91600 64,7462 26,4638
Utajärvi 91601 64,7874 26,4876
Utajärvi 91620 64,859 26,7494
Utajärvi 91630 64,9845 26,9786
Utajärvi 91640 64,9308 27,2034
Utajärvi 91660 64,6417 26,4787
Pudasjärvi 93100 65,3459 27,06
Pudasjärvi 93101 65,5073 27,3489
Pudasjärvi 93140 65,297 26,5843
Pudasjärvi 93160 65,1712 26,7735
Pudasjärvi 93170 65,4167 26,697
Pudasjärvi 93180 65,5273 26,5465
Pudasjärvi 93187 65,5067 26,4079
Pudasjärvi 93190 65,6219 26,6038
Pudasjärvi 93195 65,6947 26,6355
Pudasjärvi 93220 65,5524 26,9493
Pudasjärvi 93225 65,6003 27,189
Pudasjärvi 93240 65,7092 27,3239
Pudasjärvi 93250 65,8126 27,478
Pudasjärvi 93270 65,3685 27,4555
Pudasjärvi 93277 65,4866 27,5361
Pudasjärvi 93280 65,619 27,6158
Pudasjärvi 93290 65,4532 27,6677
Pudasjärvi 93350 65,1728 27,7127
Pudasjärvi 93390 65,2917 27,8688
Ii 95100 65,6107 25,2973
Ii 95110 65,5661 25,2114
Ii 95130 65,6502 25,52
Ii 95160 65,6453 25,9267
Pyhäjoki 86100 64,462 24,2755
Pyhäjoki 86110 64,4951 24,3242
Pyhäjoki 86160 64,4067 24,3286
Pyhäjoki 86170 64,4073 24,0944
Raahe 86360 64,3747 25,0507
Raahe 86400 64,486 24,9826
Raahe 86440 64,4104 25,1321
Raahe 86460 64,4168 25,2427
Raahe 86470 64,3546 25,241
Raahe 92100 64,6852 24,4682
Raahe 92101 64,6522 24,4364
Raahe 92120 64,6727 24,5123
Raahe 92130 64,6929 24,5079
Raahe 92140 64,6954 24,5754
Raahe 92150 64,6689 24,4762
Raahe 92160 64,6444 24,4666
Raahe 92180 64,6676 24,4191
Raahe 92210 64,6027 24,4193
Raahe 92220 64,5551 24,4076
Raahe 92230 64,5926 24,6076
Raahe 92240 64,6309 24,6627
Raahe 92260 64,5754 24,7006
Siikajoki 92320 64,82 24,7346
Siikajoki 92330 64,8754 24,9294
Siikajoki 92350 64,7198 24,955
Siikajoki 92400 64,6593 25,1
Siikajoki 92401 64,6823 25,0849
Siikajoki 92430 64,6061 25,2596
Siikajoki 92440 64,6226 25,4202
Siikajoki 92450 64,5349 25,2736
Siikajoki 92470 64,6036 24,9935
Haapavesi 86480 64,3277 25,4085
Haapavesi 86550 64,1711 25,1589
Haapavesi 86600 64,1431 25,3754
Haapavesi 86601 64,1417 25,3688
Haapavesi 86650 64,0956 25,5208
Haapavesi 86680 64,0795 25,3255
Haapavesi 86690 63,969 25,35
Siikalatva 92500 64,4944 25,6583
Siikalatva 92520 64,4048 25,8555
Siikalatva 92530 64,5899 25,5238
Siikalatva 92600 64,2781 25,8254
Siikalatva 92610 64,3502 25,9308
Siikalatva 92620 64,1637 25,9998
Siikalatva 92640 64,1803 25,793
Siikalatva 92650 64,2328 25,7392
Siikalatva 92700 64,3327 26,2858
Pyhäntä 92910 64,1682 26,4576
Pyhäntä 92920 64,0002 26,5602
Pyhäntä 92930 64,0738 26,3029
Nivala 85500 63,9234 24,9585
Nivala 85501 63,9347 24,8664
Nivala 85540 63,9555 24,7763
Nivala 85560 63,8477 24,9985
Nivala 85580 63,8476 25,1396
Nivala 85620 64,0072 25,0749
Nivala 85630 63,9339 25,0437
Nivala 85640 63,9536 25,1628
Nivala 85660 63,9511 25,2694
Haapajärvi 85710 63,8434 25,4621
Haapajärvi 85730 63,8832 25,5784
Haapajärvi 85800 63,742 25,3218
Haapajärvi 85801 63,7466 25,3322
Haapajärvi 85820 63,8158 25,2396
Haapajärvi 85840 63,7422 25,5174
Reisjärvi 85900 63,6053 24,9392
Reisjärvi 85930 63,6707 24,7811
Reisjärvi 85940 63,6736 25,0395
Reisjärvi 85980 63,6211 25,101
Haapajärvi 86301 63,7587 25,3452
Kärsämäki 86710 63,9709 25,8108
Kärsämäki 86790 63,8885 25,7979
Pyhäjärvi 86800 63,6551 25,9714
Pyhäjärvi 86801 63,643 25,9179
Pyhäjärvi 86810 63,645 25,9667
Pyhäjärvi 86850 63,5509 25,7829
Pyhäjärvi 86870 63,7877 25,9362
Pyhäjärvi 86900 63,669 26,0541
Pyhäjärvi 86980 63,5085 26,0642
Kalajoki 68100 64,0913 23,6763
Kalajoki 68150 64,026 23,7247
Kalajoki 69101 64,0401 23,8826
Ylivieska 84100 64,0776 24,5283
Ylivieska 84460 64,1366 24,6583
Ylivieska 84540 64,0601 24,688
Ylivieska 84650 64,0801 24,8159
Ylivieska 84770 64,0132 24,7778
Ylivieska 84880 64,0001 24,7479
Kalajoki 85100 64,2602 23,9133
Kalajoki 85101 64,2483 23,9706
Kalajoki 85120 64,2966 24,1961
Kalajoki 85140 64,1963 24,074
Kalajoki 85150 64,1222 24,053
Kalajoki 85160 64,07 24,2039
Kalajoki 85180 64,1979 23,7348
Alavieska 85200 64,1738 24,3258
Alavieska 85210 64,1272 24,3279
Alavieska 85230 64,2391 24,2928
Sievi 85310 63,9697 24,2856
Sievi 85320 63,9319 24,3543
Sievi 85340 63,9339 24,4541
Sievi 85410 63,8969 24,523
Sievi 85430 63,913 24,6001
Sievi 85450 63,8743 24,7216
Sievi 85470 63,7952 24,6947
Oulainen 86210 64,2538 24,5986
Merijärvi 86220 64,2945 24,4341
Merijärvi 86230 64,3256 24,5628
Merijärvi 86240 64,3443 24,4175
Oulainen 86300 64,269 24,8232
Oulainen 86350 64,3307 25,0234
Oulainen 86510 64,2369 24,9966
Oulainen 86530 64,2041 25,04
Taivalkoski 93400 65,5616 28,3
Taivalkoski 93401 65,5979 28,3702
Taivalkoski 93420 65,4931 27,9237
Taivalkoski 93440 65,7384 27,9425
Taivalkoski 93470 65,7699 28,527
Taivalkoski 93540 65,5223 28,8822
Taivalkoski 93590 65,3529 28,4401
Kuusamo 93600 65,9727 29,1904
Kuusamo 93601 65,9844 29,209
Kuusamo 93700 65,8119 29,29
Kuusamo 93800 66,0377 29,3677
Kuusamo 93830 66,1662 29,1563
Kuusamo 93900 66,2889 29,0542
Kuhmo 88730 64,313 29,0999
Kuhmo 88740 64,4293 29,1053
Kuhmo 88760 64,4207 29,5042
Kuhmo 88820 64,1137 29,0052
Kuhmo 88900 64,1308 29,5444
Kuhmo 88930 64,4282 29,8201
Kuhmo 88940 64,5733 29,6735
Puolanka 89110 64,5819 27,6842
Puolanka 89140 64,6614 27,9175
Puolanka 89200 64,8559 27,7055
Puolanka 89201 64,871 27,6823
Puolanka 89210 64,7149 27,3413
Puolanka 89320 65,0402 28,0401
Puolanka 89330 65,1475 28,0839
Hyrynsalmi 89400 64,6779 28,5168
Hyrynsalmi 89430 64,7246 28,6267
Suomussalmi 89440 64,7796 28,7558
Hyrynsalmi 89540 64,5793 29,1436
Hyrynsalmi 89560 64,5097 29,0475
Suomussalmi 89600 64,8916 28,936
Suomussalmi 89610 64,7161 29,2301
Suomussalmi 89640 64,9567 28,6075
Suomussalmi 89660 65,0642 28,5579
Suomussalmi 89670 65,2179 28,4678
Suomussalmi 89680 65,1292 28,307
Suomussalmi 89730 65,2033 28,8098
Suomussalmi 89740 65,1559 29,1031
Suomussalmi 89760 65,2981 29,0062
Suomussalmi 89770 65,4008 29,0097
Suomussalmi 89780 65,3506 28,7136
Suomussalmi 89800 64,9615 29,155
Suomussalmi 89830 64,7347 29,4752
Suomussalmi 89840 64,7048 29,8863
Suomussalmi 89920 65,308 29,4506
Sotkamo 74390 63,7855 28,1086
Kajaani 87100 64,2176 27,6967
Paltamo 87101 64,3592 28,1485
Kajaani 87150 64,2244 27,702
Kajaani 87200 64,2346 27,7398
Kajaani 87250 64,2393 27,7757
Kajaani 87300 64,2115 27,7305
Kajaani 87400 64,2152 27,7684
Kajaani 87500 64,2047 27,7631
Kajaani 87700 64,2148 27,6701
Kajaani 87800 64,2106 27,4424
Kajaani 87830 64,252 27,6902
Kajaani 87850 64,2865 27,649
Kajaani 87900 64,0956 27,6724
Kajaani 87910 64,2674 27,7497
Kajaani 87930 64,3154 27,8218
Kajaani 87950 64,2738 27,9018
Kajaani 87970 64,3131 27,956
Sotkamo 88120 64,0143 28,1108
Kajaani 88200 64,1088 27,1384
Kajaani 88270 64,2138 27,0251
Paltamo 88300 64,4146 27,6856
Paltamo 88310 64,4159 27,6353
Vaala 88340 64,3736 27,1098
Paltamo 88350 64,4609 27,3866
Paltamo 88380 64,3982 27,9943
Ristijärvi 88400 64,4985 28,249
Ristijärvi 88440 64,5523 28,3222
Ristijärvi 88460 64,3673 28,6244
Paltamo 88470 64,3442 28,0492
Sotkamo 88490 64,2108 28,0492
Sotkamo 88530 64,2888 28,2159
Sotkamo 88600 64,1145 28,5139
Sotkamo 88610 64,1642 28,2618
Sotkamo 88620 64,1362 27,9887
Sotkamo 88640 64,0895 28,857
Sotkamo 88670 64,0351 28,2787
Sotkamo 88690 63,89 28,3924
Vaala 91700 64,5577 26,8139
Vaala 91710 64,5739 26,7669
Vaala 91720 64,6772 27,0638
Vaala 91730 64,5429 27,0067
Vaala 91740 64,548 27,153
Vaala 91750 64,5137 27,2048
Vaala 91760 64,4108 26,7989
Vaala 91780 64,5125 26,6541
Vaala 91790 64,577 26,6603
Vaala 92810 64,511 26,4583
Vaala 92830 64,446 26,5381
Rovaniemi 96100 66,5317 25,6993
Rovaniemi 96190 66,5233 25,6765
Rovaniemi 96200 66,5066 25,7304
Rovaniemi 96300 66,4844 25,6894
Rovaniemi 96320 66,4919 25,6662
Rovaniemi 96400 66,4797 25,7347
Rovaniemi 96440 66,4838 25,8191
Rovaniemi 96460 66,4734 25,7776
Rovaniemi 96500 66,5118 25,655
Rovaniemi 96600 66,5025 25,8555
Rovaniemi 96700 66,4582 25,5929
Rovaniemi 96800 66,538 25,6729
Rovaniemi 96900 66,5599 25,8264
Rovaniemi 96910 66,5332 25,8015
Rovaniemi 96930 66,5453 25,8521
Rovaniemi 96960 66,5689 25,7917
Rovaniemi 97110 66,4175 25,4972
Rovaniemi 97130 66,429 25,4599
Rovaniemi 97140 66,359 25,3139
Rovaniemi 97145 66,3614 25,3498
Rovaniemi 97160 66,2783 25,3257
Rovaniemi 97170 66,2454 25,3435
Rovaniemi 97220 66,636 25,4202
Rovaniemi 97240 66,6385 25,2005
Rovaniemi 97280 66,7176 25,4689
Rovaniemi 97290 66,7935 25,3689
Rovaniemi 97310 66,8865 25,4385
Rovaniemi 97320 66,8837 25,1304
Rovaniemi 97340 66,982 25,3306
Rovaniemi 97510 66,6156 26,2599
Rovaniemi 97520 66,7421 26,2613
Rovaniemi 97530 66,8014 26,2301
Rovaniemi 97540 66,97 26,0881
Rovaniemi 97580 66,6276 26,6233
Rovaniemi 97610 66,4512 26,1054
Rovaniemi 97615 66,4047 26,4645
Rovaniemi 97620 66,405 26,5697
Rovaniemi 97625 66,4267 26,6856
Rovaniemi 97630 66,3665 26,8627
Rovaniemi 97635 66,344 27,1095
Rovaniemi 97650 66,3105 26,9156
Rovaniemi 97655 66,2992 27,1279
Ranua 97665 66,215 26,866
Rovaniemi 97670 66,332 25,9213
Rovaniemi 97675 66,3144 26,2241
Rovaniemi 97680 66,2313 26,3192
Rovaniemi 97685 66,2328 26,4796
Rovaniemi 97690 66,2409 25,7635
Ranua 97700 65,972 26,6265
Ranua 97715 65,9503 26,0097
Ranua 97720 66,1041 26,3301
Ranua 97760 65,9316 27,2017
Ranua 97765 65,9897 27,2247
Ranua 97770 65,8414 26,7823
Ranua 97780 65,8165 26,9008
Ranua 97785 65,7542 27,0186
Rovaniemi 97999 66,6529 25,9803
Kemi 94100 65,7372 24,5507
Kemi 94200 65,7646 24,5513
Kemi 94300 65,7676 24,5011
Keminmaa 94400 65,8125 24,5441
Tornio 94430 65,7959 24,4247
Keminmaa 94450 65,7906 24,4986
Tornio 94460 65,8573 24,5039
Keminmaa 94500 65,821 24,6447
Kemi 94600 65,7517 24,5851
Kemi 94700 65,7296 24,6146
Kemi 94720 65,721 24,5964
Kemi 94800 65,6907 24,6228
Kemi 94830 65,6837 24,6693
Kemi 94900 65,6722 24,5751
Simo 95200 65,6962 25,1318
Simo 95210 65,6339 25,0012
Simo 95220 65,6557 24,9078
Simo 95225 65,7018 24,9338
Simo 95230 65,6667 24,762
Simo 95255 65,8467 25,3731
Simo 95260 65,8795 25,5549
Simo 95270 65,8208 25,6956
Tervola 95300 66,102 24,9328
Keminmaa 95310 65,8606 24,5778
Keminmaa 95315 65,9077 24,6423
Tervola 95325 66,0071 24,716
Tervola 95330 66,1155 24,7596
Tervola 95340 66,1465 24,9841
Tervola 95350 66,1546 25,1121
Tervola 95355 66,1664 25,3262
Keminmaa 95365 65,8941 24,6863
Keminmaa 95370 65,9356 24,709
Tervola 95375 65,9943 24,7305
Tornio 95400 65,8555 24,1862
Tornio 95410 65,8649 24,1768
Tornio 95420 65,8384 24,1862
Tornio 95430 65,8561 24,1484
Tornio 95440 65,8193 24,3115
Tornio 95450 65,8182 24,1773
Tornio 95460 65,8664 24,2526
Tornio 95470 65,8096 24,2223
Tornio 95490 65,7665 24,1811
Tornio 95500 65,9303 24,1543
Tornio 95520 65,9823 24,0913
Tornio 95530 66,0592 24,0622
Tornio 95540 66,1349 23,9634
Tornio 95560 66,0132 24,1206
Tornio 95590 66,0249 24,396
Ylitornio 95600 66,3248 23,7779
Ylitornio 95610 66,2534 23,833
Ylitornio 95615 66,1863 23,8282
Ylitornio 95620 66,3825 23,7524
Ylitornio 95630 66,425 23,681
Ylitornio 95635 66,4672 23,7063
Pello 95640 66,5589 23,9254
Pello 95645 66,6466 23,9639
Ylitornio 95655 66,3669 23,907
Ylitornio 95660 66,4298 24,063
Ylitornio 95670 66,5259 24,3711
Ylitornio 95675 66,5492 24,6279
Ylitornio 95680 66,4639 24,3554
Ylitornio 95690 66,3676 24,493
Pello 95700 66,7956 23,9846
Pello 95710 66,9301 23,9123
Pello 95720 66,9639 23,8344
Pello 95750 66,9101 24,1019
Pello 95760 66,8367 24,404
Pello 95770 66,7314 24,3487
Pello 95780 66,6699 24,3976
Pello 95790 66,7067 24,5664
Ylitornio 97250 66,6489 24,7193
Pello 97330 66,8209 24,8705
Pello 97335 66,8597 24,6168
Kemijärvi 97590 66,5569 26,9086
Kemijärvi 97645 66,3924 27,2695
Posio 97810 66,2904 27,3122
Posio 97815 66,1956 27,6045
Posio 97820 66,1838 27,8924
Posio 97840 66,2448 27,9802
Posio 97850 66,3365 27,9691
Posio 97870 66,3614 28,1283
Posio 97880 66,4046 28,181
Posio 97890 66,2628 28,2047
Posio 97895 66,3658 28,4277
Posio 97900 66,0983 28,1804
Posio 97920 66,1338 28,4714
Posio 97925 66,1972 28,6613
Posio 97940 66,0399 28,5547
Posio 97950 65,9814 28,1902
Posio 97960 65,9206 28,2079
Posio 97965 65,8964 28,3433
Posio 97970 65,8611 28,1613
Posio 97980 65,9233 28,0066
Kemijärvi 98100 66,702 27,3024
Kemijärvi 98120 66,7234 27,3846
Kemijärvi 98230 66,496 27,2908
Kemijärvi 98310 66,7553 27,3395
Kemijärvi 98350 66,9095 27,3961
Kemijärvi 98360 66,9691 27,4806
Kemijärvi 98400 66,6671 27,6203
Kemijärvi 98420 66,5752 27,6742
Kemijärvi 98440 66,7131 27,5193
Kemijärvi 98450 66,8202 27,4994
Pelkosenniemi 98500 67,1027 27,5253
Pelkosenniemi 98510 67,059 27,5261
Pelkosenniemi 98530 67,0408 27,2247
Pelkosenniemi 98550 67,1555 27,2355
Pelkosenniemi 98560 67,1935 27,4453
Pelkosenniemi 98570 67,2719 27,2833
Pelkosenniemi 98580 67,2428 27,524
Salla 98600 66,7624 28,1498
Salla 98620 66,931 27,9706
Salla 98630 66,9861 28,0769
Salla 98660 66,8152 28,3944
Kemijärvi 98710 66,6787 27,9753
Kemijärvi 98720 66,5723 27,9839
Salla 98760 66,548 28,5709
Salla 98770 66,5361 28,7311
Posio 98780 66,438 28,5116
Salla 98790 66,4823 28,255
Savukoski 98800 67,3343 28,1811
Savukoski 98810 67,2291 27,9338
Savukoski 98820 67,4861 27,9677
Savukoski 98830 67,5703 28,5669
Savukoski 98840 67,7294 28,8556
Savukoski 98850 67,2368 28,4023
Salla 98900 66,8307 28,6635
Salla 98920 66,9337 28,9153
Salla 98930 67,0551 28,9994
Salla 98950 67,1084 28,8511
Salla 98960 67,2968 29,2797
Salla 98970 66,7457 29,0403
Salla 98980 66,6529 29,0077
Salla 98995 66,5119 29,0274
Salla 98999 66,5437 28,3656
Savukoski 99640 67,4916 27,565
Kolari 95800 67,1258 24,1709
Kolari 95830 67,215 24,1546
Kolari 95840 67,2758 24,2252
Kolari 95850 67,1556 24,4902
Kolari 95860 67,0982 24,3866
Kolari 95900 67,3531 23,8773
Kolari 95920 67,3981 23,7594
Kolari 95930 67,4609 23,7164
Muonio 95940 67,5324 23,5934
Muonio 95950 67,603 23,5437
Kolari 95970 67,6031 24,1571
Kolari 95980 67,5353 24,2752
Kolari 95990 67,411 24,1809
Kittilä 97420 67,2417 25,0595
Kolari 97430 67,1096 24,6842
Kittilä 97470 67,3374 24,8855
Kittilä 99100 67,6741 24,9113
Kittilä 99110 67,4826 24,9058
Kittilä 99120 67,4879 24,4651
Kittilä 99130 67,8077 24,8253
Kittilä 99135 67,8997 24,2032
Kittilä 99140 67,8879 24,8815
Kittilä 99150 68,0291 24,6784
Kittilä 99160 68,1122 24,8346
Kittilä 99170 68,2066 24,8352
Kittilä 99180 67,8693 25,0005
Kittilä 99190 67,996 25,2389
Kittilä 99195 68,1583 25,7511
Kittilä 99230 67,7122 25,4323
Kittilä 99240 67,813 25,268
Kittilä 99250 67,8669 25,4102
Kittilä 99270 67,6365 25,1912
Kittilä 99280 67,5803 25,6862
Kittilä 99290 67,5187 25,5811
Muonio 99300 67,924 23,8093
Muonio 99310 68,0501 23,5571
Muonio 99320 68,1205 23,3479
Muonio 99330 68,0453 24,0652
Enontekis 99340 68,1815 24,116
Muonio 99360 67,8042 23,6404
Enontekis 99400 68,4095 23,5611
Enontekis 99401 68,3555 23,4256
Enontekis 99410 68,4255 23,9784
Enontekis 99420 68,3675 24,1556
Enontekis 99430 68,4181 24,5096
Enontekis 99440 68,5377 23,3645
Enontekis 99450 68,2982 23,078
Enontekis 99460 68,4113 22,8928
Enontekis 99470 68,5103 22,3459
Enontekis 99490 69,0058 20,9547
Sodankylä 97370 67,1471 25,7345
Sodankylä 97380 67,1732 25,538
Sodankylä 97390 67,2536 25,5555
Sodankylä 99510 67,0538 26,3639
Sodankylä 99520 67,1577 26,2268
Sodankylä 99530 67,0831 26,6211
Sodankylä 99540 67,1991 26,638
Sodankylä 99550 67,271 26,7282
Sodankylä 99555 67,1649 26,9246
Sodankylä 99560 67,3458 26,8124
Sodankylä 99600 67,4843 26,6255
Sodankylä 99610 67,4527 26,8546
Sodankylä 99620 67,4713 27,0454
Sodankylä 99645 67,8448 27,7478
Sodankylä 99650 67,5156 26,6141
Sodankylä 99655 67,6183 26,2502
Sodankylä 99660 67,5859 26,7451
Sodankylä 99665 67,6162 27,0233
Sodankylä 99670 67,6911 26,7886
Sodankylä 99690 68,1293 27,1706
Sodankylä 99695 68,2205 27,163
Sodankylä 99710 67,4217 26,1876
Sodankylä 99720 67,3343 26,0364
Sodankylä 99740 67,2914 25,9137
Sodankylä 99750 67,2611 25,8231
Sodankylä 99760 67,1959 25,7164
Sodankylä 99770 67,5136 26,0114
Inari 99800 68,7354 27,5968
Inari 99801 68,7661 27,5143
Inari 99830 68,423 27,3965
Inari 99831 68,4223 27,4194
Inari 99860 68,8976 28,3076
Inari 99870 68,9287 26,9896
Inari 99885 68,735 26,0484
Inari 99910 69,1389 27,2448
Inari 99930 69,4918 28,5786
Inari 99940 69,5796 28,9037
Utsjoki 99950 69,4729 25,9527
Utsjoki 99970 69,7894 26,255
Utsjoki 99980 69,8467 26,8907
Utsjoki 99990 70,0439 27,8268
